Wins: 
2, 0, 0, 8, 5, 0, 7, 0, 
20, 10, 20, 20, 1, 0, 2, 0, 
20, 0, 10, 20, 0, 0, 0, 0, 
3, 0, 0, 4, 8, 0, 14, 0, 
10, 19, 20, 12, 9, 2, 9, 1, 
20, 20, 20, 20, 17, 10, 18, 10, 
8, 18, 20, 5, 11, 2, 10, 1, 
20, 20, 20, 20, 18, 9, 19, 9, 
Ties: 
16, 0, 0, 9, 5, 0, 5, 0, 
0, 0, 0, 0, 0, 0, 0, 0, 
0, 0, 0, 0, 0, 0, 0, 0, 
9, 0, 0, 12, 0, 0, 1, 0, 
5, 0, 0, 0, 2, 1, 0, 1, 
0, 0, 0, 0, 1, 0, 0, 1, 
5, 0, 0, 1, 0, 0, 0, 0, 
0, 0, 0, 0, 1, 1, 0, 2, 
Loses: 
2, 20, 20, 3, 10, 20, 8, 20, 
0, 10, 0, 0, 19, 20, 18, 20, 
0, 20, 10, 0, 20, 20, 20, 20, 
8, 20, 20, 4, 12, 20, 5, 20, 
5, 1, 0, 8, 9, 17, 11, 18, 
0, 0, 0, 0, 2, 10, 2, 9, 
7, 2, 0, 14, 9, 18, 10, 19, 
0, 0, 0, 0, 1, 10, 1, 9, 
Ponits: 
39.5

73.0

50.0

40.0

86.5

136.0

78.0

137.0

Win average time: 
2667.5, -, -, 2097.875, 1470.4, -, 1821.4285714285713, -, 
634.1, 1673.0, 661.0, 703.8, 850.0, -, 823.5, -, 
939.1, -, 1769.0, 1027.05, -, -, -, -, 
2115.0, -, -, 2155.0, 1261.25, -, 1122.857142857143, -, 
392.1, 316.42105263157896, 303.05, 601.8333333333334, 633.3333333333334, 620.0, 466.1111111111111, 405.0, 
461.3, 307.8, 296.25, 454.0, 438.2352941176471, 458.5, 399.1111111111111, 513.5, 
418.75, 328.8888888888889, 316.0, 488.0, 493.6363636363636, 480.0, 398.5, 400.0, 
420.5, 292.75, 291.0, 464.25, 429.1666666666667, 456.6666666666667, 372.10526315789474, 488.8888888888889, 
Tie average time: 
3000.0, -, -, 3000.0, 3000.0, -, 3000.0, -, 
-, -, -, -, -, -, -, -, 
-, -, -, -, -, -, -, -, 
3000.0, -, -, 3000.0, -, -, 1070.0, -, 
3000.0, -, -, -, 785.0, 430.0, -, 650.0, 
-, -, -, -, 430.0, -, -, 3000.0, 
3000.0, -, -, 1070.0, -, -, -, -, 
-, -, -, -, 650.0, 3000.0, -, 3000.0, 
Lose average time: 
2667.5, 634.1, 939.1, 2115.0, 392.1, 461.3, 418.75, 420.5, 
-, 1673.0, -, -, 316.42105263157896, 307.8, 328.8888888888889, 292.75, 
-, 661.0, 1769.0, -, 303.05, 296.25, 316.0, 291.0, 
2097.875, 703.8, 1027.05, 2155.0, 601.8333333333334, 454.0, 488.0, 464.25, 
1470.4, 850.0, -, 1261.25, 633.3333333333334, 438.2352941176471, 493.6363636363636, 429.1666666666667, 
-, -, -, -, 620.0, 458.5, 480.0, 456.6666666666667, 
1821.4285714285713, 823.5, -, 1122.857142857143, 466.1111111111111, 399.1111111111111, 398.5, 372.10526315789474, 
-, -, -, -, 405.0, 513.5, 400.0, 488.8888888888889, 
