Wins: 
3, 0, 0, 11, 11, 0, 7, 0, 
20, 10, 20, 20, 5, 0, 2, 0, 
20, 0, 10, 20, 0, 0, 0, 0, 
4, 0, 0, 3, 13, 0, 11, 0, 
6, 15, 20, 6, 8, 3, 8, 2, 
20, 20, 20, 20, 16, 10, 20, 11, 
10, 18, 20, 8, 11, 0, 8, 0, 
20, 20, 20, 20, 17, 9, 20, 10, 
Ties: 
14, 0, 0, 5, 3, 0, 3, 0, 
0, 0, 0, 0, 0, 0, 0, 0, 
0, 0, 0, 0, 0, 0, 0, 0, 
5, 0, 0, 14, 1, 0, 1, 0, 
3, 0, 0, 1, 4, 1, 1, 1, 
0, 0, 0, 0, 1, 0, 0, 0, 
3, 0, 0, 1, 1, 0, 4, 0, 
0, 0, 0, 0, 1, 0, 0, 0, 
Loses: 
3, 20, 20, 4, 6, 20, 10, 20, 
0, 10, 0, 0, 15, 20, 18, 20, 
0, 20, 10, 0, 20, 20, 20, 20, 
11, 20, 20, 3, 6, 20, 8, 20, 
11, 5, 0, 13, 8, 16, 11, 17, 
0, 0, 0, 0, 3, 10, 0, 9, 
7, 2, 0, 11, 8, 20, 8, 20, 
0, 0, 0, 0, 2, 11, 0, 10, 
Ponits: 
44.5

77.0

50.0

41.5

73.5

137.5

79.5

136.5

Win average time: 
2255.0, -, -, 2309.181818181818, 1770.2727272727273, -, 1535.7142857142858, -, 
666.0, 1673.0, 661.0, 708.2, 683.4, -, 734.5, -, 
882.35, -, 1769.0, 1037.2, -, -, -, -, 
1640.0, -, -, 2209.6666666666665, 1533.076923076923, -, 1428.1818181818182, -, 
408.8333333333333, 301.0, 310.05, 458.6666666666667, 545.0, 440.0, 442.375, 790.0, 
439.95, 291.0, 291.25, 483.5, 535.625, 438.5, 397.55, 397.3636363636364, 
428.0, 305.55555555555554, 323.75, 484.375, 504.54545454545456, -, 381.25, -, 
389.0, 290.0, 291.5, 496.25, 540.2941176470588, 454.44444444444446, 357.5, 628.0, 
Tie average time: 
3000.0, -, -, 3000.0, 3000.0, -, 3000.0, -, 
-, -, -, -, -, -, -, -, 
-, -, -, -, -, -, -, -, 
3000.0, -, -, 3000.0, 3000.0, -, 3000.0, -, 
3000.0, -, -, 3000.0, 685.0, 1415.0, 610.0, 490.0, 
-, -, -, -, 1415.0, -, -, -, 
3000.0, -, -, 3000.0, 610.0, -, 512.5, -, 
-, -, -, -, 490.0, -, -, -, 
Lose average time: 
2255.0, 666.0, 882.35, 1640.0, 408.8333333333333, 439.95, 428.0, 389.0, 
-, 1673.0, -, -, 301.0, 291.0, 305.55555555555554, 290.0, 
-, 661.0, 1769.0, -, 310.05, 291.25, 323.75, 291.5, 
2309.181818181818, 708.2, 1037.2, 2209.6666666666665, 458.6666666666667, 483.5, 484.375, 496.25, 
1770.2727272727273, 683.4, -, 1533.076923076923, 545.0, 535.625, 504.54545454545456, 540.2941176470588, 
-, -, -, -, 440.0, 438.5, -, 454.44444444444446, 
1535.7142857142858, 734.5, -, 1428.1818181818182, 442.375, 397.55, 381.25, 357.5, 
-, -, -, -, 790.0, 397.3636363636364, -, 628.0, 
