Wins: 
6, 0, 0, 9, 6, 0, 9, 0, 
20, 10, 20, 20, 6, 0, 0, 0, 
20, 0, 10, 20, 0, 0, 0, 0, 
3, 0, 0, 5, 18, 0, 15, 0, 
13, 14, 20, 2, 10, 0, 10, 3, 
20, 20, 20, 20, 18, 10, 20, 9, 
8, 20, 20, 5, 10, 0, 10, 1, 
20, 20, 20, 20, 17, 11, 19, 10, 
Ties: 
8, 0, 0, 8, 1, 0, 3, 0, 
0, 0, 0, 0, 0, 0, 0, 0, 
0, 0, 0, 0, 0, 0, 0, 0, 
8, 0, 0, 10, 0, 0, 0, 0, 
1, 0, 0, 0, 0, 2, 0, 0, 
0, 0, 0, 0, 2, 0, 0, 0, 
3, 0, 0, 0, 0, 0, 0, 0, 
0, 0, 0, 0, 0, 0, 0, 0, 
Loses: 
6, 20, 20, 3, 13, 20, 8, 20, 
0, 10, 0, 0, 14, 20, 20, 20, 
0, 20, 10, 0, 20, 20, 20, 20, 
9, 20, 20, 5, 2, 20, 5, 20, 
6, 6, 0, 18, 10, 18, 10, 17, 
0, 0, 0, 0, 0, 10, 0, 11, 
9, 0, 0, 15, 10, 20, 10, 19, 
0, 0, 0, 0, 3, 9, 1, 10, 
Ponits: 
40.0

76.0

50.0

50.0

73.5

138.0

75.5

137.0

Win average time: 
2220.5, -, -, 2473.8888888888887, 1917.5, -, 1715.0, -, 
663.1, 1673.0, 661.0, 703.2, 657.0, -, -, -, 
922.85, -, 1769.0, 1010.9, -, -, -, -, 
2049.6666666666665, -, -, 2281.4, 1405.4444444444443, -, 1650.4666666666667, -, 
422.3076923076923, 297.14285714285717, 301.75, 483.5, 576.5, -, 514.6, 852.0, 
482.35, 297.0, 292.25, 450.25, 483.0, 490.5, 390.45, 491.6666666666667, 
356.875, 309.75, 298.0, 640.0, 468.0, -, 381.0, 330.0, 
400.0, 304.75, 302.25, 478.5, 443.8235294117647, 470.90909090909093, 347.36842105263156, 630.0, 
Tie average time: 
3000.0, -, -, 3000.0, 3000.0, -, 3000.0, -, 
-, -, -, -, -, -, -, -, 
-, -, -, -, -, -, -, -, 
3000.0, -, -, 3000.0, -, -, -, -, 
3000.0, -, -, -, -, 780.0, -, -, 
-, -, -, -, 780.0, -, -, -, 
3000.0, -, -, -, -, -, -, -, 
-, -, -, -, -, -, -, -, 
Lose average time: 
2220.5, 663.1, 922.85, 2049.6666666666665, 422.3076923076923, 482.35, 356.875, 400.0, 
-, 1673.0, -, -, 297.14285714285717, 297.0, 309.75, 304.75, 
-, 661.0, 1769.0, -, 301.75, 292.25, 298.0, 302.25, 
2473.8888888888887, 703.2, 1010.9, 2281.4, 483.5, 450.25, 640.0, 478.5, 
1917.5, 657.0, -, 1405.4444444444443, 576.5, 483.0, 468.0, 443.8235294117647, 
-, -, -, -, -, 490.5, -, 470.90909090909093, 
1715.0, -, -, 1650.4666666666667, 514.6, 390.45, 381.0, 347.36842105263156, 
-, -, -, -, 852.0, 491.6666666666667, 330.0, 630.0, 
