Wins: 
5, 0, 0, 10, 10, 0, 9, 0, 
20, 10, 20, 20, 2, 0, 3, 0, 
20, 0, 10, 20, 0, 0, 0, 0, 
4, 0, 0, 4, 13, 0, 10, 0, 
8, 18, 20, 6, 9, 2, 12, 0, 
20, 20, 20, 20, 17, 10, 20, 12, 
10, 17, 20, 10, 7, 0, 9, 2, 
20, 20, 20, 20, 18, 8, 18, 10, 
Ties: 
10, 0, 0, 6, 2, 0, 1, 0, 
0, 0, 0, 0, 0, 0, 0, 0, 
0, 0, 0, 0, 0, 0, 0, 0, 
6, 0, 0, 12, 1, 0, 0, 0, 
2, 0, 0, 1, 2, 1, 1, 2, 
0, 0, 0, 0, 1, 0, 0, 0, 
1, 0, 0, 0, 1, 0, 2, 0, 
0, 0, 0, 0, 2, 0, 0, 0, 
Loses: 
5, 20, 20, 4, 8, 20, 10, 20, 
0, 10, 0, 0, 18, 20, 17, 20, 
0, 20, 10, 0, 20, 20, 20, 20, 
10, 20, 20, 4, 6, 20, 10, 20, 
10, 2, 0, 13, 9, 17, 7, 18, 
0, 0, 0, 0, 2, 10, 0, 8, 
9, 3, 0, 10, 12, 20, 9, 18, 
0, 0, 0, 0, 0, 12, 2, 10, 
Ponits: 
43.5

75.0

50.0

40.5

79.5

139.5

77.0

135.0

Win average time: 
2503.4, -, -, 2370.9, 1829.6, -, 1605.888888888889, -, 
660.4, 1673.0, 661.0, 752.05, 582.0, -, 787.3333333333334, -, 
920.65, -, 1769.0, 1051.9, -, -, -, -, 
1975.0, -, -, 2032.25, 1546.1538461538462, -, 1423.0, -, 
363.375, 306.6666666666667, 336.8, 555.6666666666666, 496.6666666666667, 617.5, 520.6666666666666, -, 
455.1, 297.5, 292.5, 490.7, 410.0, 386.0, 392.9, 533.4166666666666, 
444.5, 290.88235294117646, 306.0, 449.0, 537.8571428571429, -, 385.55555555555554, 390.0, 
514.75, 291.75, 289.75, 489.25, 495.8333333333333, 494.375, 351.94444444444446, 440.5, 
Tie average time: 
3000.0, -, -, 3000.0, 3000.0, -, 3000.0, -, 
-, -, -, -, -, -, -, -, 
-, -, -, -, -, -, -, -, 
3000.0, -, -, 3000.0, 3000.0, -, -, -, 
3000.0, -, -, 3000.0, 600.0, 900.0, 530.0, 1837.5, 
-, -, -, -, 900.0, -, -, -, 
3000.0, -, -, -, 530.0, -, 370.0, -, 
-, -, -, -, 1837.5, -, -, -, 
Lose average time: 
2503.4, 660.4, 920.65, 1975.0, 363.375, 455.1, 444.5, 514.75, 
-, 1673.0, -, -, 306.6666666666667, 297.5, 290.88235294117646, 291.75, 
-, 661.0, 1769.0, -, 336.8, 292.5, 306.0, 289.75, 
2370.9, 752.05, 1051.9, 2032.25, 555.6666666666666, 490.7, 449.0, 489.25, 
1829.6, 582.0, -, 1546.1538461538462, 496.6666666666667, 410.0, 537.8571428571429, 495.8333333333333, 
-, -, -, -, 617.5, 386.0, -, 494.375, 
1605.888888888889, 787.3333333333334, -, 1423.0, 520.6666666666666, 392.9, 385.55555555555554, 351.94444444444446, 
-, -, -, -, -, 533.4166666666666, 390.0, 440.5, 
