Wins: 
10, 2, 5, 13, 4, 0, 11, 0, 
18, 10, 20, 15, 0, 0, 0, 0, 
15, 0, 10, 16, 0, 0, 0, 0, 
6, 5, 4, 9, 10, 0, 6, 0, 
15, 20, 20, 10, 10, 3, 9, 7, 
20, 20, 20, 20, 15, 9, 18, 11, 
9, 20, 20, 14, 11, 2, 9, 2, 
20, 20, 20, 20, 13, 9, 15, 10, 
Ties: 
0, 0, 0, 1, 1, 0, 0, 0, 
0, 0, 0, 0, 0, 0, 0, 0, 
0, 0, 0, 0, 0, 0, 0, 0, 
1, 0, 0, 2, 0, 0, 0, 0, 
1, 0, 0, 0, 0, 2, 0, 0, 
0, 0, 0, 0, 2, 2, 0, 0, 
0, 0, 0, 0, 0, 0, 2, 3, 
0, 0, 0, 0, 0, 0, 3, 0, 
Loses: 
10, 18, 15, 6, 15, 20, 9, 20, 
2, 10, 0, 5, 20, 20, 20, 20, 
5, 20, 10, 4, 20, 20, 20, 20, 
13, 15, 16, 9, 10, 20, 14, 20, 
4, 0, 0, 10, 10, 15, 11, 13, 
0, 0, 0, 0, 3, 9, 2, 9, 
11, 0, 0, 6, 9, 18, 9, 15, 
0, 0, 0, 0, 7, 11, 2, 10, 
Ponits: 
46.0

63.0

41.0

41.5

95.5

135.0

89.5

128.5

Win average time: 
1816.5, 517.5, 1051.0, 1418.4615384615386, 1021.25, -, 1019.0909090909091, -, 
625.3888888888889, 1179.0, 739.0, 628.9333333333333, -, -, -, -, 
773.0666666666667, -, 1177.0, 824.5, -, -, -, -, 
1346.6666666666667, 570.0, 531.25, 1463.888888888889, 782.5, -, 908.3333333333334, -, 
392.73333333333335, 201.5, 216.0, 329.3, 342.5, 416.6666666666667, 305.55555555555554, 320.14285714285717, 
370.55, 201.0, 206.25, 300.6, 332.3333333333333, 337.22222222222223, 288.1666666666667, 425.09090909090907, 
322.22222222222223, 182.5, 191.0, 385.35714285714283, 333.6363636363636, 727.5, 251.11111111111111, 237.5, 
336.5, 201.0, 209.25, 341.75, 315.7692307692308, 437.77777777777777, 262.3333333333333, 362.0, 
Tie average time: 
-, -, -, 3000.0, 3000.0, -, -, -, 
-, -, -, -, -, -, -, -, 
-, -, -, -, -, -, -, -, 
3000.0, -, -, 3000.0, -, -, -, -, 
3000.0, -, -, -, -, 410.0, -, -, 
-, -, -, -, 410.0, 3000.0, -, -, 
-, -, -, -, -, -, 315.0, 261.6666666666667, 
-, -, -, -, -, -, 261.6666666666667, -, 
Lose average time: 
1816.5, 625.3888888888889, 773.0666666666667, 1346.6666666666667, 392.73333333333335, 370.55, 322.22222222222223, 336.5, 
517.5, 1179.0, -, 570.0, 201.5, 201.0, 182.5, 201.0, 
1051.0, 739.0, 1177.0, 531.25, 216.0, 206.25, 191.0, 209.25, 
1418.4615384615386, 628.9333333333333, 824.5, 1463.888888888889, 329.3, 300.6, 385.35714285714283, 341.75, 
1021.25, -, -, 782.5, 342.5, 332.3333333333333, 333.6363636363636, 315.7692307692308, 
-, -, -, -, 416.6666666666667, 337.22222222222223, 727.5, 437.77777777777777, 
1019.0909090909091, -, -, 908.3333333333334, 305.55555555555554, 288.1666666666667, 251.11111111111111, 262.3333333333333, 
-, -, -, -, 320.14285714285717, 425.09090909090907, 237.5, 362.0, 
