Wins: 
9, 5, 4, 17, 9, 0, 7, 0, 
15, 10, 20, 17, 0, 0, 0, 0, 
16, 0, 10, 9, 0, 0, 0, 0, 
3, 3, 11, 10, 7, 0, 9, 0, 
11, 20, 20, 13, 10, 2, 9, 6, 
20, 20, 20, 20, 16, 10, 17, 12, 
12, 20, 20, 10, 10, 2, 8, 4, 
20, 20, 20, 20, 14, 8, 16, 10, 
Ties: 
2, 0, 0, 0, 0, 0, 1, 0, 
0, 0, 0, 0, 0, 0, 0, 0, 
0, 0, 0, 0, 0, 0, 0, 0, 
0, 0, 0, 0, 0, 0, 1, 0, 
0, 0, 0, 0, 0, 2, 1, 0, 
0, 0, 0, 0, 2, 0, 1, 0, 
1, 0, 0, 1, 1, 1, 4, 0, 
0, 0, 0, 0, 0, 0, 0, 0, 
Loses: 
9, 15, 16, 3, 11, 20, 12, 20, 
5, 10, 0, 3, 20, 20, 20, 20, 
4, 20, 10, 11, 20, 20, 20, 20, 
17, 17, 9, 10, 13, 20, 10, 20, 
9, 0, 0, 7, 10, 16, 10, 14, 
0, 0, 0, 0, 2, 10, 2, 8, 
7, 0, 0, 9, 9, 17, 8, 16, 
0, 0, 0, 0, 6, 12, 4, 10, 
Ponits: 
52.5

62.0

35.0

43.5

92.5

136.5

90.0

128.0

Win average time: 
1280.5555555555557, 765.0, 673.75, 1328.235294117647, 817.2222222222222, -, 1117.857142857143, -, 
636.2666666666667, 1179.0, 739.0, 675.4117647058823, -, -, -, -, 
817.5, -, 1177.0, 920.8888888888889, -, -, -, -, 
1231.6666666666667, 516.6666666666666, 595.9090909090909, 1348.0, 627.8571428571429, -, 778.8888888888889, -, 
347.45454545454544, 202.0, 203.75, 392.6923076923077, 353.0, 400.0, 325.1111111111111, 322.1666666666667, 
361.5, 204.0, 207.75, 310.0, 316.5625, 419.5, 288.52941176470586, 399.3333333333333, 
499.5833333333333, 183.0, 194.25, 400.5, 288.0, 312.5, 240.0, 358.75, 
311.25, 205.5, 201.5, 328.0, 361.7857142857143, 320.0, 264.6875, 307.5, 
Tie average time: 
3000.0, -, -, -, -, -, 3000.0, -, 
-, -, -, -, -, -, -, -, 
-, -, -, -, -, -, -, -, 
-, -, -, -, -, -, 3000.0, -, 
-, -, -, -, -, 1977.5, 305.0, -, 
-, -, -, -, 1977.5, -, 215.0, -, 
3000.0, -, -, 3000.0, 305.0, 215.0, 357.5, -, 
-, -, -, -, -, -, -, -, 
Lose average time: 
1280.5555555555557, 636.2666666666667, 817.5, 1231.6666666666667, 347.45454545454544, 361.5, 499.5833333333333, 311.25, 
765.0, 1179.0, -, 516.6666666666666, 202.0, 204.0, 183.0, 205.5, 
673.75, 739.0, 1177.0, 595.9090909090909, 203.75, 207.75, 194.25, 201.5, 
1328.235294117647, 675.4117647058823, 920.8888888888889, 1348.0, 392.6923076923077, 310.0, 400.5, 328.0, 
817.2222222222222, -, -, 627.8571428571429, 353.0, 316.5625, 288.0, 361.7857142857143, 
-, -, -, -, 400.0, 419.5, 312.5, 320.0, 
1117.857142857143, -, -, 778.8888888888889, 325.1111111111111, 288.52941176470586, 240.0, 264.6875, 
-, -, -, -, 322.1666666666667, 399.3333333333333, 358.75, 307.5, 
