Wins: 
10, 2, 2, 15, 8, 0, 7, 0, 
18, 10, 20, 17, 0, 0, 0, 0, 
18, 0, 10, 12, 0, 0, 0, 0, 
5, 3, 8, 9, 5, 0, 3, 0, 
12, 20, 20, 15, 10, 1, 13, 4, 
20, 20, 20, 20, 19, 10, 19, 13, 
11, 20, 20, 16, 7, 0, 10, 2, 
20, 20, 20, 20, 15, 4, 16, 9, 
Ties: 
0, 0, 0, 0, 0, 0, 2, 0, 
0, 0, 0, 0, 0, 0, 0, 0, 
0, 0, 0, 0, 0, 0, 0, 0, 
0, 0, 0, 2, 0, 0, 1, 0, 
0, 0, 0, 0, 0, 0, 0, 1, 
0, 0, 0, 0, 0, 0, 1, 3, 
2, 0, 0, 1, 0, 1, 0, 2, 
0, 0, 0, 0, 1, 3, 2, 2, 
Loses: 
10, 18, 18, 5, 12, 20, 11, 20, 
2, 10, 0, 3, 20, 20, 20, 20, 
2, 20, 10, 8, 20, 20, 20, 20, 
15, 17, 12, 9, 15, 20, 16, 20, 
8, 0, 0, 5, 10, 19, 7, 15, 
0, 0, 0, 0, 1, 10, 0, 4, 
7, 0, 0, 3, 13, 19, 10, 16, 
0, 0, 0, 0, 4, 13, 2, 9, 
Ponits: 
45.0

65.0

40.0

34.5

95.5

143.0

89.0

128.0

Win average time: 
1673.5, 572.5, 492.5, 1482.6666666666667, 1128.75, -, 1006.4285714285714, -, 
623.8333333333334, 1179.0, 739.0, 688.8823529411765, -, -, -, -, 
760.1111111111111, -, 1177.0, 828.9166666666666, -, -, -, -, 
1114.0, 633.3333333333334, 693.75, 1134.4444444444443, 817.0, -, 705.0, -, 
347.0, 204.5, 215.0, 430.1333333333333, 382.0, 345.0, 308.9230769230769, 298.25, 
312.05, 207.75, 203.5, 337.3, 347.10526315789474, 347.5, 261.42105263157896, 392.0769230769231, 
444.09090909090907, 188.0, 190.75, 574.375, 291.42857142857144, -, 258.0, 275.0, 
320.0, 209.5, 203.5, 344.75, 327.3333333333333, 363.75, 255.9375, 373.8888888888889, 
Tie average time: 
-, -, -, -, -, -, 1732.5, -, 
-, -, -, -, -, -, -, -, 
-, -, -, -, -, -, -, -, 
-, -, -, 1790.0, -, -, 1290.0, -, 
-, -, -, -, -, -, -, 320.0, 
-, -, -, -, -, -, 410.0, 2115.0, 
1732.5, -, -, 1290.0, -, 410.0, -, 377.5, 
-, -, -, -, 320.0, 2115.0, 377.5, 3000.0, 
Lose average time: 
1673.5, 623.8333333333334, 760.1111111111111, 1114.0, 347.0, 312.05, 444.09090909090907, 320.0, 
572.5, 1179.0, -, 633.3333333333334, 204.5, 207.75, 188.0, 209.5, 
492.5, 739.0, 1177.0, 693.75, 215.0, 203.5, 190.75, 203.5, 
1482.6666666666667, 688.8823529411765, 828.9166666666666, 1134.4444444444443, 430.1333333333333, 337.3, 574.375, 344.75, 
1128.75, -, -, 817.0, 382.0, 347.10526315789474, 291.42857142857144, 327.3333333333333, 
-, -, -, -, 345.0, 347.5, -, 363.75, 
1006.4285714285714, -, -, 705.0, 308.9230769230769, 261.42105263157896, 258.0, 255.9375, 
-, -, -, -, 298.25, 392.0769230769231, 275.0, 373.8888888888889, 
