Wins: 
10, 3, 1, 17, 10, 0, 6, 0, 
17, 10, 20, 18, 0, 0, 0, 0, 
19, 0, 10, 15, 0, 0, 0, 0, 
3, 2, 5, 10, 9, 0, 1, 0, 
10, 20, 20, 11, 9, 2, 9, 7, 
20, 20, 20, 20, 18, 10, 14, 15, 
14, 20, 20, 18, 11, 4, 8, 3, 
20, 20, 20, 20, 13, 4, 14, 9, 
Ties: 
0, 0, 0, 0, 0, 0, 0, 0, 
0, 0, 0, 0, 0, 0, 0, 0, 
0, 0, 0, 0, 0, 0, 0, 0, 
0, 0, 0, 0, 0, 0, 1, 0, 
0, 0, 0, 0, 2, 0, 0, 0, 
0, 0, 0, 0, 0, 0, 2, 1, 
0, 0, 0, 1, 0, 2, 4, 3, 
0, 0, 0, 0, 0, 1, 3, 2, 
Loses: 
10, 17, 19, 3, 10, 20, 14, 20, 
3, 10, 0, 2, 20, 20, 20, 20, 
1, 20, 10, 5, 20, 20, 20, 20, 
17, 18, 15, 10, 11, 20, 18, 20, 
10, 0, 0, 9, 9, 18, 11, 13, 
0, 0, 0, 0, 2, 10, 4, 4, 
6, 0, 0, 1, 9, 14, 8, 14, 
0, 0, 0, 0, 7, 15, 3, 9, 
Ponits: 
47.0

65.0

44.0

30.5

89.0

138.5

103.0

123.0

Win average time: 
1466.0, 621.6666666666666, 535.0, 1181.1764705882354, 844.5, -, 775.0, -, 
614.7647058823529, 1179.0, 739.0, 645.0, -, -, -, -, 
841.9473684210526, -, 1177.0, 790.6666666666666, -, -, -, -, 
735.0, 552.5, 621.0, 1397.5, 731.6666666666666, -, 690.0, -, 
312.7, 199.0, 200.05, 345.0, 433.3333333333333, 337.5, 293.55555555555554, 323.14285714285717, 
330.3, 216.5, 208.75, 315.3, 320.55555555555554, 404.5, 304.0, 377.2, 
348.92857142857144, 188.25, 188.0, 379.44444444444446, 330.0, 268.75, 216.875, 271.6666666666667, 
370.0, 216.0, 211.5, 346.0, 286.15384615384613, 351.25, 274.2857142857143, 326.6666666666667, 
Tie average time: 
-, -, -, -, -, -, -, -, 
-, -, -, -, -, -, -, -, 
-, -, -, -, -, -, -, -, 
-, -, -, -, -, -, 1225.0, -, 
-, -, -, -, 395.0, -, -, -, 
-, -, -, -, -, -, 325.0, 3000.0, 
-, -, -, 1225.0, -, 325.0, 302.5, 408.3333333333333, 
-, -, -, -, -, 3000.0, 408.3333333333333, 585.0, 
Lose average time: 
1466.0, 614.7647058823529, 841.9473684210526, 735.0, 312.7, 330.3, 348.92857142857144, 370.0, 
621.6666666666666, 1179.0, -, 552.5, 199.0, 216.5, 188.25, 216.0, 
535.0, 739.0, 1177.0, 621.0, 200.05, 208.75, 188.0, 211.5, 
1181.1764705882354, 645.0, 790.6666666666666, 1397.5, 345.0, 315.3, 379.44444444444446, 346.0, 
844.5, -, -, 731.6666666666666, 433.3333333333333, 320.55555555555554, 330.0, 286.15384615384613, 
-, -, -, -, 337.5, 404.5, 268.75, 351.25, 
775.0, -, -, 690.0, 293.55555555555554, 304.0, 216.875, 274.2857142857143, 
-, -, -, -, 323.14285714285717, 377.2, 271.6666666666667, 326.6666666666667, 
