Wins: 
10, 2, 2, 13, 9, 0, 7, 0, 
18, 10, 20, 14, 0, 0, 0, 0, 
18, 0, 10, 16, 0, 0, 0, 0, 
7, 6, 4, 9, 10, 0, 8, 0, 
10, 20, 20, 10, 7, 2, 10, 3, 
20, 20, 20, 20, 17, 9, 19, 9, 
13, 20, 20, 11, 10, 0, 10, 2, 
20, 20, 20, 20, 17, 8, 16, 9, 
Ties: 
0, 0, 0, 0, 1, 0, 0, 0, 
0, 0, 0, 0, 0, 0, 0, 0, 
0, 0, 0, 0, 0, 0, 0, 0, 
0, 0, 0, 2, 0, 0, 1, 0, 
1, 0, 0, 0, 6, 1, 0, 0, 
0, 0, 0, 0, 1, 2, 1, 3, 
0, 0, 0, 1, 0, 1, 0, 2, 
0, 0, 0, 0, 0, 3, 2, 2, 
Loses: 
10, 18, 18, 7, 10, 20, 13, 20, 
2, 10, 0, 6, 20, 20, 20, 20, 
2, 20, 10, 4, 20, 20, 20, 20, 
13, 14, 16, 9, 10, 20, 11, 20, 
9, 0, 0, 10, 7, 17, 10, 17, 
0, 0, 0, 0, 2, 9, 0, 8, 
7, 0, 0, 8, 10, 19, 10, 16, 
0, 0, 0, 0, 3, 9, 2, 9, 
Ponits: 
43.5

62.0

44.0

45.5

86.0

137.5

88.0

133.5

Win average time: 
1229.0, 722.5, 1250.0, 1518.076923076923, 1282.7777777777778, -, 1321.4285714285713, -, 
626.0, 1179.0, 739.0, 643.0, -, -, -, -, 
791.1666666666666, -, 1177.0, 867.1875, -, -, -, -, 
1153.5714285714287, 705.8333333333334, 403.75, 1350.0, 880.0, -, 741.875, -, 
318.2, 205.0, 203.0, 394.5, 452.85714285714283, 385.0, 300.2, 400.3333333333333, 
370.45, 202.25, 207.5, 363.9, 314.4117647058824, 476.1111111111111, 265.2631578947368, 385.6666666666667, 
381.9230769230769, 183.5, 186.5, 354.54545454545456, 283.0, -, 284.0, 267.5, 
332.5, 204.25, 201.5, 290.25, 367.05882352941177, 332.5, 260.9375, 338.8888888888889, 
Tie average time: 
-, -, -, -, 3000.0, -, -, -, 
-, -, -, -, -, -, -, -, 
-, -, -, -, -, -, -, -, 
-, -, -, 1245.0, -, -, 1025.0, -, 
3000.0, -, -, -, 351.6666666666667, 350.0, -, -, 
-, -, -, -, 350.0, 3000.0, 375.0, 3000.0, 
-, -, -, 1025.0, -, 375.0, -, 1680.0, 
-, -, -, -, -, 3000.0, 1680.0, 355.0, 
Lose average time: 
1229.0, 626.0, 791.1666666666666, 1153.5714285714287, 318.2, 370.45, 381.9230769230769, 332.5, 
722.5, 1179.0, -, 705.8333333333334, 205.0, 202.25, 183.5, 204.25, 
1250.0, 739.0, 1177.0, 403.75, 203.0, 207.5, 186.5, 201.5, 
1518.076923076923, 643.0, 867.1875, 1350.0, 394.5, 363.9, 354.54545454545456, 290.25, 
1282.7777777777778, -, -, 880.0, 452.85714285714283, 314.4117647058824, 283.0, 367.05882352941177, 
-, -, -, -, 385.0, 476.1111111111111, -, 332.5, 
1321.4285714285713, -, -, 741.875, 300.2, 265.2631578947368, 284.0, 260.9375, 
-, -, -, -, 400.3333333333333, 385.6666666666667, 267.5, 338.8888888888889, 
