Wins: 
9, 1, 2, 14, 11, 0, 9, 1, 
19, 10, 20, 17, 0, 0, 0, 0, 
18, 0, 10, 13, 0, 0, 0, 0, 
6, 3, 7, 10, 9, 0, 5, 1, 
9, 20, 20, 11, 10, 5, 9, 0, 
20, 20, 20, 20, 14, 7, 16, 11, 
11, 20, 20, 15, 7, 3, 10, 4, 
19, 20, 20, 19, 16, 4, 16, 10, 
Ties: 
2, 0, 0, 0, 0, 0, 0, 0, 
0, 0, 0, 0, 0, 0, 0, 0, 
0, 0, 0, 0, 0, 0, 0, 0, 
0, 0, 0, 0, 0, 0, 0, 0, 
0, 0, 0, 0, 0, 1, 4, 4, 
0, 0, 0, 0, 1, 6, 1, 5, 
0, 0, 0, 0, 4, 1, 0, 0, 
0, 0, 0, 0, 4, 5, 0, 0, 
Loses: 
9, 19, 18, 6, 9, 20, 11, 19, 
1, 10, 0, 3, 20, 20, 20, 20, 
2, 20, 10, 7, 20, 20, 20, 20, 
14, 17, 13, 10, 11, 20, 15, 19, 
11, 0, 0, 9, 10, 14, 7, 16, 
0, 0, 0, 0, 5, 7, 3, 4, 
9, 0, 0, 5, 9, 16, 10, 16, 
1, 0, 0, 1, 0, 11, 4, 10, 
Ponits: 
48.0

66.0

41.0

41.0

88.5

134.5

92.5

128.5

Win average time: 
1527.7777777777778, 855.0, 862.5, 1247.5, 1030.909090909091, -, 980.0, 1540.0, 
606.6315789473684, 1179.0, 739.0, 619.2941176470588, -, -, -, -, 
779.1111111111111, -, 1177.0, 819.6153846153846, -, -, -, -, 
1421.6666666666667, 513.3333333333334, 730.7142857142857, 1136.5, 692.7777777777778, -, 557.0, 445.0, 
299.1111111111111, 187.5, 182.0, 252.54545454545453, 302.5, 408.0, 235.77777777777777, -, 
372.95, 193.5, 195.0, 257.6, 319.2857142857143, 351.42857142857144, 275.75, 382.6363636363636, 
243.1818181818182, 167.5, 162.25, 221.0, 337.14285714285717, 258.3333333333333, 227.5, 230.0, 
386.05263157894734, 194.5, 196.75, 313.1578947368421, 338.4375, 455.0, 265.0, 315.5, 
Tie average time: 
3000.0, -, -, -, -, -, -, -, 
-, -, -, -, -, -, -, -, 
-, -, -, -, -, -, -, -, 
-, -, -, -, -, -, -, -, 
-, -, -, -, -, 415.0, 400.0, 1057.5, 
-, -, -, -, 415.0, 2135.0, 265.0, 3000.0, 
-, -, -, -, 400.0, 265.0, -, -, 
-, -, -, -, 1057.5, 3000.0, -, -, 
Lose average time: 
1527.7777777777778, 606.6315789473684, 779.1111111111111, 1421.6666666666667, 299.1111111111111, 372.95, 243.1818181818182, 386.05263157894734, 
855.0, 1179.0, -, 513.3333333333334, 187.5, 193.5, 167.5, 194.5, 
862.5, 739.0, 1177.0, 730.7142857142857, 182.0, 195.0, 162.25, 196.75, 
1247.5, 619.2941176470588, 819.6153846153846, 1136.5, 252.54545454545453, 257.6, 221.0, 313.1578947368421, 
1030.909090909091, -, -, 692.7777777777778, 302.5, 319.2857142857143, 337.14285714285717, 338.4375, 
-, -, -, -, 408.0, 351.42857142857144, 258.3333333333333, 455.0, 
980.0, -, -, 557.0, 235.77777777777777, 275.75, 227.5, 265.0, 
1540.0, -, -, 445.0, -, 382.6363636363636, 230.0, 315.5, 
