Wins: 
10, 0, 2, 12, 5, 0, 10, 0, 
20, 10, 20, 17, 0, 0, 0, 0, 
18, 0, 10, 15, 0, 0, 0, 0, 
8, 3, 5, 10, 10, 0, 7, 0, 
14, 20, 20, 10, 10, 2, 11, 4, 
20, 20, 20, 20, 18, 9, 18, 12, 
10, 20, 20, 10, 9, 2, 7, 2, 
20, 20, 20, 20, 16, 8, 17, 10, 
Ties: 
0, 0, 0, 0, 1, 0, 0, 0, 
0, 0, 0, 0, 0, 0, 0, 0, 
0, 0, 0, 0, 0, 0, 0, 0, 
0, 0, 0, 0, 0, 0, 3, 0, 
1, 0, 0, 0, 0, 0, 0, 0, 
0, 0, 0, 0, 0, 2, 0, 0, 
0, 0, 0, 3, 0, 0, 6, 1, 
0, 0, 0, 0, 0, 0, 1, 0, 
Loses: 
10, 20, 18, 8, 14, 20, 10, 20, 
0, 10, 0, 3, 20, 20, 20, 20, 
2, 20, 10, 5, 20, 20, 20, 20, 
12, 17, 15, 10, 10, 20, 10, 20, 
5, 0, 0, 10, 10, 18, 9, 16, 
0, 0, 0, 0, 2, 9, 2, 8, 
10, 0, 0, 7, 11, 18, 7, 17, 
0, 0, 0, 0, 4, 12, 2, 10, 
Ponits: 
39.5

67.0

43.0

44.5

91.5

138.0

85.0

131.5

Win average time: 
1791.0, -, 1005.0, 1400.8333333333333, 1143.0, -, 1044.5, -, 
654.2, 1179.0, 739.0, 707.8235294117648, -, -, -, -, 
809.8888888888889, -, 1177.0, 868.3333333333334, -, -, -, -, 
1153.75, 613.3333333333334, 519.0, 1244.3, 685.0, -, 733.5714285714286, -, 
424.64285714285717, 195.5, 194.5, 311.3, 388.5, 230.0, 345.09090909090907, 321.75, 
326.95, 200.25, 202.0, 336.9, 325.0, 438.3333333333333, 288.22222222222223, 358.0833333333333, 
421.0, 186.5, 180.75, 328.5, 403.8888888888889, 365.0, 263.57142857142856, 235.0, 
329.5, 197.0, 201.25, 326.25, 362.5, 480.0, 262.3529411764706, 312.0, 
Tie average time: 
-, -, -, -, 3000.0, -, -, -, 
-, -, -, -, -, -, -, -, 
-, -, -, -, -, -, -, -, 
-, -, -, -, -, -, 1703.3333333333333, -, 
3000.0, -, -, -, -, -, -, -, 
-, -, -, -, -, 3000.0, -, -, 
-, -, -, 1703.3333333333333, -, -, 281.6666666666667, 285.0, 
-, -, -, -, -, -, 285.0, -, 
Lose average time: 
1791.0, 654.2, 809.8888888888889, 1153.75, 424.64285714285717, 326.95, 421.0, 329.5, 
-, 1179.0, -, 613.3333333333334, 195.5, 200.25, 186.5, 197.0, 
1005.0, 739.0, 1177.0, 519.0, 194.5, 202.0, 180.75, 201.25, 
1400.8333333333333, 707.8235294117648, 868.3333333333334, 1244.3, 311.3, 336.9, 328.5, 326.25, 
1143.0, -, -, 685.0, 388.5, 325.0, 403.8888888888889, 362.5, 
-, -, -, -, 230.0, 438.3333333333333, 365.0, 480.0, 
1044.5, -, -, 733.5714285714286, 345.09090909090907, 288.22222222222223, 263.57142857142856, 262.3529411764706, 
-, -, -, -, 321.75, 358.0833333333333, 235.0, 312.0, 
