Wins: 
10, 2, 2, 14, 8, 0, 7, 0, 
18, 10, 20, 17, 0, 0, 0, 0, 
18, 0, 10, 15, 0, 0, 0, 0, 
5, 3, 5, 9, 3, 0, 5, 0, 
12, 20, 20, 17, 9, 5, 7, 3, 
20, 20, 20, 20, 15, 9, 17, 9, 
12, 20, 20, 14, 10, 2, 8, 5, 
20, 20, 20, 20, 16, 10, 14, 9, 
Ties: 
0, 0, 0, 1, 0, 0, 1, 0, 
0, 0, 0, 0, 0, 0, 0, 0, 
0, 0, 0, 0, 0, 0, 0, 0, 
1, 0, 0, 2, 0, 0, 1, 0, 
0, 0, 0, 0, 2, 0, 3, 1, 
0, 0, 0, 0, 0, 2, 1, 1, 
1, 0, 0, 1, 3, 1, 4, 1, 
0, 0, 0, 0, 1, 1, 1, 2, 
Loses: 
10, 18, 18, 5, 12, 20, 12, 20, 
2, 10, 0, 3, 20, 20, 20, 20, 
2, 20, 10, 5, 20, 20, 20, 20, 
14, 17, 15, 9, 17, 20, 14, 20, 
8, 0, 0, 3, 9, 15, 10, 16, 
0, 0, 0, 0, 5, 9, 2, 10, 
7, 0, 0, 5, 7, 17, 8, 14, 
0, 0, 0, 0, 3, 9, 5, 9, 
Ponits: 
44.0

65.0

43.0

32.0

96.0

132.0

96.5

131.5

Win average time: 
1412.5, 442.5, 570.0, 1082.142857142857, 1100.625, -, 1050.7142857142858, -, 
681.9444444444445, 1179.0, 739.0, 635.0588235294117, -, -, -, -, 
810.7222222222222, -, 1177.0, 824.1333333333333, -, -, -, -, 
1268.0, 581.6666666666666, 692.0, 1488.888888888889, 921.6666666666666, -, 786.0, -, 
368.9166666666667, 197.75, 193.0, 348.29411764705884, 381.6666666666667, 389.0, 305.14285714285717, 339.0, 
323.5, 207.5, 214.75, 335.95, 313.6666666666667, 418.3333333333333, 279.47058823529414, 371.77777777777777, 
402.9166666666667, 179.5, 191.25, 309.64285714285717, 278.0, 435.0, 244.375, 309.0, 
396.75, 206.0, 211.0, 317.75, 482.8125, 359.0, 273.2142857142857, 340.0, 
Tie average time: 
-, -, -, 3000.0, -, -, 850.0, -, 
-, -, -, -, -, -, -, -, 
-, -, -, -, -, -, -, -, 
3000.0, -, -, 3000.0, -, -, 1090.0, -, 
-, -, -, -, 285.0, -, 1220.0, 3000.0, 
-, -, -, -, -, 3000.0, 435.0, 3000.0, 
850.0, -, -, 1090.0, 1220.0, 435.0, 380.0, 300.0, 
-, -, -, -, 3000.0, 3000.0, 300.0, 370.0, 
Lose average time: 
1412.5, 681.9444444444445, 810.7222222222222, 1268.0, 368.9166666666667, 323.5, 402.9166666666667, 396.75, 
442.5, 1179.0, -, 581.6666666666666, 197.75, 207.5, 179.5, 206.0, 
570.0, 739.0, 1177.0, 692.0, 193.0, 214.75, 191.25, 211.0, 
1082.142857142857, 635.0588235294117, 824.1333333333333, 1488.888888888889, 348.29411764705884, 335.95, 309.64285714285717, 317.75, 
1100.625, -, -, 921.6666666666666, 381.6666666666667, 313.6666666666667, 278.0, 482.8125, 
-, -, -, -, 389.0, 418.3333333333333, 435.0, 359.0, 
1050.7142857142858, -, -, 786.0, 305.14285714285717, 279.47058823529414, 244.375, 273.2142857142857, 
-, -, -, -, 339.0, 371.77777777777777, 309.0, 340.0, 
