Wins: 
10, 1, 1, 14, 9, 0, 5, 0, 
19, 10, 20, 18, 0, 0, 0, 0, 
19, 0, 10, 17, 0, 0, 0, 0, 
5, 2, 3, 8, 3, 0, 4, 0, 
11, 20, 20, 16, 10, 3, 8, 4, 
20, 20, 20, 20, 15, 10, 17, 11, 
14, 20, 20, 15, 11, 2, 9, 2, 
20, 20, 20, 20, 15, 6, 14, 10, 
Ties: 
0, 0, 0, 1, 0, 0, 1, 0, 
0, 0, 0, 0, 0, 0, 0, 0, 
0, 0, 0, 0, 0, 0, 0, 0, 
1, 0, 0, 4, 1, 0, 1, 0, 
0, 0, 0, 1, 0, 2, 1, 1, 
0, 0, 0, 0, 2, 0, 1, 3, 
1, 0, 0, 1, 1, 1, 2, 4, 
0, 0, 0, 0, 1, 3, 4, 0, 
Loses: 
10, 19, 19, 5, 11, 20, 14, 20, 
1, 10, 0, 2, 20, 20, 20, 20, 
1, 20, 10, 3, 20, 20, 20, 20, 
14, 18, 17, 8, 16, 20, 15, 20, 
9, 0, 0, 3, 10, 15, 11, 15, 
0, 0, 0, 0, 3, 10, 2, 6, 
5, 0, 0, 4, 8, 17, 9, 14, 
0, 0, 0, 0, 4, 11, 2, 10, 
Ponits: 
41.0

67.0

46.0

28.5

94.5

136.0

98.0

129.0

Win average time: 
1465.5, 445.0, 940.0, 1161.4285714285713, 1233.3333333333333, -, 973.0, -, 
660.8421052631579, 1179.0, 739.0, 677.2777777777778, -, -, -, -, 
763.4736842105264, -, 1177.0, 825.9411764705883, -, -, -, -, 
1727.0, 535.0, 871.6666666666666, 1454.375, 845.0, -, 751.25, -, 
314.45454545454544, 204.5, 198.0, 364.4375, 330.5, 368.3333333333333, 260.0, 395.25, 
344.65, 212.25, 209.25, 329.3, 340.0, 630.0, 283.1764705882353, 345.09090909090907, 
286.07142857142856, 182.0, 189.5, 323.3333333333333, 342.27272727272725, 295.0, 246.11111111111111, 300.0, 
331.5, 205.5, 211.0, 355.75, 362.6666666666667, 345.0, 267.14285714285717, 331.5, 
Tie average time: 
-, -, -, 3000.0, -, -, 3000.0, -, 
-, -, -, -, -, -, -, -, 
-, -, -, -, -, -, -, -, 
3000.0, -, -, 2665.0, 1240.0, -, 2290.0, -, 
-, -, -, 1240.0, -, 1677.5, 3000.0, 515.0, 
-, -, -, -, 1677.5, -, 300.0, 2178.3333333333335, 
3000.0, -, -, 2290.0, 3000.0, 300.0, 260.0, 368.75, 
-, -, -, -, 515.0, 2178.3333333333335, 368.75, -, 
Lose average time: 
1465.5, 660.8421052631579, 763.4736842105264, 1727.0, 314.45454545454544, 344.65, 286.07142857142856, 331.5, 
445.0, 1179.0, -, 535.0, 204.5, 212.25, 182.0, 205.5, 
940.0, 739.0, 1177.0, 871.6666666666666, 198.0, 209.25, 189.5, 211.0, 
1161.4285714285713, 677.2777777777778, 825.9411764705883, 1454.375, 364.4375, 329.3, 323.3333333333333, 355.75, 
1233.3333333333333, -, -, 845.0, 330.5, 340.0, 342.27272727272725, 362.6666666666667, 
-, -, -, -, 368.3333333333333, 630.0, 295.0, 345.0, 
973.0, -, -, 751.25, 260.0, 283.1764705882353, 246.11111111111111, 267.14285714285717, 
-, -, -, -, 395.25, 345.09090909090907, 300.0, 331.5, 
