Wins: 
10, 2, 1, 10, 5, 0, 7, 1, 
18, 10, 20, 17, 0, 0, 0, 0, 
19, 0, 10, 9, 0, 0, 0, 0, 
9, 3, 11, 9, 9, 0, 5, 0, 
14, 20, 20, 11, 10, 3, 9, 1, 
20, 20, 20, 20, 17, 9, 19, 10, 
13, 20, 20, 13, 9, 1, 9, 3, 
19, 20, 20, 20, 19, 5, 16, 10, 
Ties: 
0, 0, 0, 1, 1, 0, 0, 0, 
0, 0, 0, 0, 0, 0, 0, 0, 
0, 0, 0, 0, 0, 0, 0, 0, 
1, 0, 0, 2, 0, 0, 2, 0, 
1, 0, 0, 0, 0, 0, 2, 0, 
0, 0, 0, 0, 0, 2, 0, 5, 
0, 0, 0, 2, 2, 0, 2, 1, 
0, 0, 0, 0, 0, 5, 1, 0, 
Loses: 
10, 18, 19, 9, 14, 20, 13, 19, 
2, 10, 0, 3, 20, 20, 20, 20, 
1, 20, 10, 11, 20, 20, 20, 20, 
10, 17, 9, 9, 11, 20, 13, 20, 
5, 0, 0, 9, 10, 17, 9, 19, 
0, 0, 0, 0, 3, 9, 1, 5, 
7, 0, 0, 5, 9, 19, 9, 16, 
1, 0, 0, 0, 1, 10, 3, 10, 
Ponits: 
37.0

65.0

38.0

48.5

89.5

138.5

91.5

132.0

Win average time: 
1589.0, 565.0, 940.0, 1316.0, 1321.0, -, 870.0, 660.0, 
658.9444444444445, 1179.0, 739.0, 686.2941176470588, -, -, -, -, 
782.9473684210526, -, 1177.0, 903.6666666666666, -, -, -, -, 
872.7777777777778, 438.3333333333333, 698.6363636363636, 1086.111111111111, 703.3333333333334, -, 650.0, -, 
342.2857142857143, 195.75, 207.0, 450.3636363636364, 369.0, 413.3333333333333, 273.0, 440.0, 
297.3, 199.5, 199.0, 318.3, 301.1764705882353, 392.77777777777777, 281.1578947368421, 358.1, 
383.46153846153845, 180.0, 185.0, 366.53846153846155, 321.6666666666667, 300.0, 283.3333333333333, 301.6666666666667, 
351.8421052631579, 197.75, 204.25, 314.75, 309.7368421052632, 488.0, 272.8125, 355.5, 
Tie average time: 
-, -, -, 1705.0, 3000.0, -, -, -, 
-, -, -, -, -, -, -, -, 
-, -, -, -, -, -, -, -, 
1705.0, -, -, 3000.0, -, -, 787.5, -, 
3000.0, -, -, -, -, -, 370.0, -, 
-, -, -, -, -, 3000.0, -, 2514.0, 
-, -, -, 787.5, 370.0, -, 250.0, 345.0, 
-, -, -, -, -, 2514.0, 345.0, -, 
Lose average time: 
1589.0, 658.9444444444445, 782.9473684210526, 872.7777777777778, 342.2857142857143, 297.3, 383.46153846153845, 351.8421052631579, 
565.0, 1179.0, -, 438.3333333333333, 195.75, 199.5, 180.0, 197.75, 
940.0, 739.0, 1177.0, 698.6363636363636, 207.0, 199.0, 185.0, 204.25, 
1316.0, 686.2941176470588, 903.6666666666666, 1086.111111111111, 450.3636363636364, 318.3, 366.53846153846155, 314.75, 
1321.0, -, -, 703.3333333333334, 369.0, 301.1764705882353, 321.6666666666667, 309.7368421052632, 
-, -, -, -, 413.3333333333333, 392.77777777777777, 300.0, 488.0, 
870.0, -, -, 650.0, 273.0, 281.1578947368421, 283.3333333333333, 272.8125, 
660.0, -, -, -, 440.0, 358.1, 301.6666666666667, 355.5, 
