Wins: 
9, 1, 2, 17, 5, 1, 5, 1, 
19, 10, 20, 18, 0, 0, 0, 0, 
18, 0, 10, 19, 0, 0, 0, 0, 
3, 2, 1, 9, 3, 0, 3, 0, 
14, 20, 20, 17, 10, 0, 11, 2, 
19, 20, 20, 20, 20, 9, 19, 11, 
15, 20, 20, 17, 9, 0, 6, 0, 
19, 20, 20, 20, 14, 6, 19, 10, 
Ties: 
2, 0, 0, 0, 1, 0, 0, 0, 
0, 0, 0, 0, 0, 0, 0, 0, 
0, 0, 0, 0, 0, 0, 0, 0, 
0, 0, 0, 2, 0, 0, 0, 0, 
1, 0, 0, 0, 0, 0, 0, 4, 
0, 0, 0, 0, 0, 2, 1, 3, 
0, 0, 0, 0, 0, 1, 8, 1, 
0, 0, 0, 0, 4, 3, 1, 0, 
Loses: 
9, 19, 18, 3, 14, 19, 15, 19, 
1, 10, 0, 2, 20, 20, 20, 20, 
2, 20, 10, 1, 20, 20, 20, 20, 
17, 18, 19, 9, 17, 20, 17, 20, 
5, 0, 0, 3, 10, 20, 9, 14, 
1, 0, 0, 0, 0, 9, 0, 6, 
5, 0, 0, 3, 11, 19, 6, 19, 
1, 0, 0, 0, 2, 11, 0, 10, 
Ponits: 
42.5

67.0

47.0

22.0

96.5

141.0

92.0

132.0

Win average time: 
1327.2222222222222, 465.0, 750.0, 1361.4705882352941, 815.0, 440.0, 1040.0, 755.0, 
627.578947368421, 1179.0, 739.0, 581.6111111111111, -, -, -, -, 
790.6666666666666, -, 1177.0, 749.3684210526316, -, -, -, -, 
1563.3333333333333, 477.5, 1100.0, 1269.4444444444443, 933.3333333333334, -, 1271.6666666666667, -, 
347.85714285714283, 174.25, 171.5, 221.94117647058823, 301.0, -, 253.36363636363637, 432.5, 
262.89473684210526, 201.0, 202.25, 255.45, 297.25, 370.55555555555554, 262.7894736842105, 388.09090909090907, 
277.3333333333333, 156.25, 155.5, 174.41176470588235, 246.66666666666666, -, 180.0, -, 
301.8421052631579, 199.0, 199.75, 320.0, 278.92857142857144, 425.8333333333333, 258.6842105263158, 340.0, 
Tie average time: 
3000.0, -, -, -, 3000.0, -, -, -, 
-, -, -, -, -, -, -, -, 
-, -, -, -, -, -, -, -, 
-, -, -, 3000.0, -, -, -, -, 
3000.0, -, -, -, -, -, -, 3000.0, 
-, -, -, -, -, 3000.0, 245.0, 3000.0, 
-, -, -, -, -, 245.0, 3000.0, 310.0, 
-, -, -, -, 3000.0, 3000.0, 310.0, -, 
Lose average time: 
1327.2222222222222, 627.578947368421, 790.6666666666666, 1563.3333333333333, 347.85714285714283, 262.89473684210526, 277.3333333333333, 301.8421052631579, 
465.0, 1179.0, -, 477.5, 174.25, 201.0, 156.25, 199.0, 
750.0, 739.0, 1177.0, 1100.0, 171.5, 202.25, 155.5, 199.75, 
1361.4705882352941, 581.6111111111111, 749.3684210526316, 1269.4444444444443, 221.94117647058823, 255.45, 174.41176470588235, 320.0, 
815.0, -, -, 933.3333333333334, 301.0, 297.25, 246.66666666666666, 278.92857142857144, 
440.0, -, -, -, -, 370.55555555555554, -, 425.8333333333333, 
1040.0, -, -, 1271.6666666666667, 253.36363636363637, 262.7894736842105, 180.0, 258.6842105263158, 
755.0, -, -, -, 432.5, 388.09090909090907, -, 340.0, 
