Wins: 
10, 2, 1, 15, 8, 0, 9, 0, 
18, 10, 20, 16, 0, 0, 0, 0, 
19, 0, 10, 14, 0, 0, 0, 0, 
5, 4, 6, 8, 7, 0, 4, 0, 
11, 20, 20, 13, 9, 3, 9, 3, 
20, 20, 20, 20, 16, 10, 18, 14, 
11, 20, 20, 16, 11, 2, 6, 3, 
20, 20, 20, 20, 17, 4, 15, 10, 
Ties: 
0, 0, 0, 0, 1, 0, 0, 0, 
0, 0, 0, 0, 0, 0, 0, 0, 
0, 0, 0, 0, 0, 0, 0, 0, 
0, 0, 0, 4, 0, 0, 0, 0, 
1, 0, 0, 0, 2, 1, 0, 0, 
0, 0, 0, 0, 1, 0, 0, 2, 
0, 0, 0, 0, 0, 0, 8, 2, 
0, 0, 0, 0, 0, 2, 2, 0, 
Loses: 
10, 18, 19, 5, 11, 20, 11, 20, 
2, 10, 0, 4, 20, 20, 20, 20, 
1, 20, 10, 6, 20, 20, 20, 20, 
15, 16, 14, 8, 13, 20, 16, 20, 
8, 0, 0, 7, 9, 16, 11, 17, 
0, 0, 0, 0, 3, 10, 2, 4, 
9, 0, 0, 4, 9, 18, 6, 15, 
0, 0, 0, 0, 3, 14, 3, 10, 
Ponits: 
45.5

64.0

43.0

36.0

90.0

139.5

94.0

128.0

Win average time: 
1349.0, 540.0, 565.0, 1156.6666666666667, 1014.375, -, 1250.5555555555557, -, 
643.7222222222222, 1179.0, 739.0, 631.75, -, -, -, -, 
742.2631578947369, -, 1177.0, 801.8571428571429, -, -, -, -, 
1310.0, 440.0, 614.1666666666666, 1809.375, 925.0, -, 751.25, -, 
349.27272727272725, 193.5, 195.75, 355.0, 367.22222222222223, 301.6666666666667, 309.6666666666667, 243.66666666666666, 
399.65, 213.75, 207.25, 352.4, 318.75, 413.5, 314.3888888888889, 385.2142857142857, 
463.1818181818182, 181.0, 187.0, 387.8125, 332.72727272727275, 315.0, 248.33333333333334, 225.0, 
329.5, 204.5, 212.25, 322.25, 335.5882352941176, 376.25, 278.6666666666667, 374.0, 
Tie average time: 
-, -, -, -, 540.0, -, -, -, 
-, -, -, -, -, -, -, -, 
-, -, -, -, -, -, -, -, 
-, -, -, 3000.0, -, -, -, -, 
540.0, -, -, -, 3000.0, 600.0, -, -, 
-, -, -, -, 600.0, -, -, 1675.0, 
-, -, -, -, -, -, 278.75, 327.5, 
-, -, -, -, -, 1675.0, 327.5, -, 
Lose average time: 
1349.0, 643.7222222222222, 742.2631578947369, 1310.0, 349.27272727272725, 399.65, 463.1818181818182, 329.5, 
540.0, 1179.0, -, 440.0, 193.5, 213.75, 181.0, 204.5, 
565.0, 739.0, 1177.0, 614.1666666666666, 195.75, 207.25, 187.0, 212.25, 
1156.6666666666667, 631.75, 801.8571428571429, 1809.375, 355.0, 352.4, 387.8125, 322.25, 
1014.375, -, -, 925.0, 367.22222222222223, 318.75, 332.72727272727275, 335.5882352941176, 
-, -, -, -, 301.6666666666667, 413.5, 315.0, 376.25, 
1250.5555555555557, -, -, 751.25, 309.6666666666667, 314.3888888888889, 248.33333333333334, 278.6666666666667, 
-, -, -, -, 243.66666666666666, 385.2142857142857, 225.0, 374.0, 
