Wins: 
10, 3, 2, 14, 9, 0, 7, 0, 
17, 10, 20, 15, 0, 0, 0, 0, 
18, 0, 10, 16, 0, 0, 0, 0, 
6, 5, 4, 10, 4, 0, 7, 0, 
11, 20, 20, 16, 10, 3, 7, 8, 
20, 20, 20, 20, 16, 7, 18, 11, 
12, 20, 20, 13, 12, 2, 8, 3, 
20, 20, 20, 20, 11, 8, 15, 9, 
Ties: 
0, 0, 0, 0, 0, 0, 1, 0, 
0, 0, 0, 0, 0, 0, 0, 0, 
0, 0, 0, 0, 0, 0, 0, 0, 
0, 0, 0, 0, 0, 0, 0, 0, 
0, 0, 0, 0, 0, 1, 1, 1, 
0, 0, 0, 0, 1, 6, 0, 1, 
1, 0, 0, 0, 1, 0, 4, 2, 
0, 0, 0, 0, 1, 1, 2, 2, 
Loses: 
10, 17, 18, 6, 11, 20, 12, 20, 
3, 10, 0, 5, 20, 20, 20, 20, 
2, 20, 10, 4, 20, 20, 20, 20, 
14, 15, 16, 10, 16, 20, 13, 20, 
9, 0, 0, 4, 10, 16, 12, 11, 
0, 0, 0, 0, 3, 7, 2, 8, 
7, 0, 0, 7, 7, 18, 8, 15, 
0, 0, 0, 0, 8, 11, 3, 9, 
Ponits: 
45.5

62.0

44.0

36.0

96.5

136.0

94.0

126.0

Win average time: 
1155.5, 841.6666666666666, 905.0, 1477.142857142857, 1137.2222222222222, -, 1608.5714285714287, -, 
633.4117647058823, 1179.0, 739.0, 665.2, -, -, -, -, 
787.5, -, 1177.0, 904.375, -, -, -, -, 
1670.0, 624.0, 600.0, 1295.5, 958.75, -, 687.1428571428571, -, 
415.27272727272725, 199.25, 203.25, 514.5, 329.5, 378.3333333333333, 285.0, 362.375, 
366.5, 212.25, 214.5, 304.45, 385.9375, 470.7142857142857, 303.5, 385.8181818181818, 
353.3333333333333, 187.25, 190.75, 421.15384615384613, 389.5833333333333, 450.0, 238.75, 281.6666666666667, 
317.75, 209.5, 208.75, 308.5, 307.72727272727275, 336.25, 278.6666666666667, 339.44444444444446, 
Tie average time: 
-, -, -, -, -, -, 3000.0, -, 
-, -, -, -, -, -, -, -, 
-, -, -, -, -, -, -, -, 
-, -, -, -, -, -, -, -, 
-, -, -, -, -, 335.0, 305.0, 475.0, 
-, -, -, -, 335.0, 3000.0, -, 3000.0, 
3000.0, -, -, -, 305.0, -, 287.5, 315.0, 
-, -, -, -, 475.0, 3000.0, 315.0, 3000.0, 
Lose average time: 
1155.5, 633.4117647058823, 787.5, 1670.0, 415.27272727272725, 366.5, 353.3333333333333, 317.75, 
841.6666666666666, 1179.0, -, 624.0, 199.25, 212.25, 187.25, 209.5, 
905.0, 739.0, 1177.0, 600.0, 203.25, 214.5, 190.75, 208.75, 
1477.142857142857, 665.2, 904.375, 1295.5, 514.5, 304.45, 421.15384615384613, 308.5, 
1137.2222222222222, -, -, 958.75, 329.5, 385.9375, 389.5833333333333, 307.72727272727275, 
-, -, -, -, 378.3333333333333, 470.7142857142857, 450.0, 336.25, 
1608.5714285714287, -, -, 687.1428571428571, 285.0, 303.5, 238.75, 278.6666666666667, 
-, -, -, -, 362.375, 385.8181818181818, 281.6666666666667, 339.44444444444446, 
