Wins: 
10, 3, 3, 17, 13, 0, 8, 0, 
17, 10, 20, 15, 0, 0, 0, 0, 
17, 0, 10, 15, 0, 0, 0, 0, 
3, 5, 5, 10, 6, 0, 7, 0, 
7, 20, 20, 14, 10, 4, 10, 3, 
20, 20, 20, 20, 15, 10, 14, 17, 
11, 20, 20, 13, 7, 5, 9, 2, 
20, 20, 20, 20, 17, 2, 17, 10, 
Ties: 
0, 0, 0, 0, 0, 0, 1, 0, 
0, 0, 0, 0, 0, 0, 0, 0, 
0, 0, 0, 0, 0, 0, 0, 0, 
0, 0, 0, 0, 0, 0, 0, 0, 
0, 0, 0, 0, 0, 1, 3, 0, 
0, 0, 0, 0, 1, 0, 1, 1, 
1, 0, 0, 0, 3, 1, 2, 1, 
0, 0, 0, 0, 0, 1, 1, 0, 
Loses: 
10, 17, 17, 3, 7, 20, 11, 20, 
3, 10, 0, 5, 20, 20, 20, 20, 
3, 20, 10, 5, 20, 20, 20, 20, 
17, 15, 15, 10, 14, 20, 13, 20, 
13, 0, 0, 6, 10, 15, 7, 17, 
0, 0, 0, 0, 4, 10, 5, 2, 
8, 0, 0, 7, 10, 14, 9, 17, 
0, 0, 0, 0, 3, 17, 2, 10, 
Ponits: 
54.5

62.0

42.0

36.0

90.0

137.5

91.0

127.0

Win average time: 
1203.5, 783.3333333333334, 875.0, 1153.5294117647059, 934.6153846153846, -, 1221.25, -, 
632.1764705882352, 1179.0, 739.0, 627.3333333333334, -, -, -, -, 
845.1176470588235, -, 1177.0, 788.6, -, -, -, -, 
580.0, 466.0, 548.0, 1517.5, 1008.3333333333334, -, 889.2857142857143, -, 
295.2857142857143, 203.75, 194.75, 430.7142857142857, 310.0, 308.75, 265.2, 315.3333333333333, 
364.35, 211.0, 213.5, 299.05, 295.6666666666667, 371.5, 285.14285714285717, 366.6470588235294, 
372.72727272727275, 184.75, 181.25, 413.84615384615387, 318.57142857142856, 673.0, 234.44444444444446, 277.5, 
306.0, 207.5, 212.0, 305.0, 325.0, 395.0, 282.94117647058823, 310.0, 
Tie average time: 
-, -, -, -, -, -, 3000.0, -, 
-, -, -, -, -, -, -, -, 
-, -, -, -, -, -, -, -, 
-, -, -, -, -, -, -, -, 
-, -, -, -, -, 515.0, 351.6666666666667, -, 
-, -, -, -, 515.0, -, 295.0, 3000.0, 
3000.0, -, -, -, 351.6666666666667, 295.0, 275.0, 305.0, 
-, -, -, -, -, 3000.0, 305.0, -, 
Lose average time: 
1203.5, 632.1764705882352, 845.1176470588235, 580.0, 295.2857142857143, 364.35, 372.72727272727275, 306.0, 
783.3333333333334, 1179.0, -, 466.0, 203.75, 211.0, 184.75, 207.5, 
875.0, 739.0, 1177.0, 548.0, 194.75, 213.5, 181.25, 212.0, 
1153.5294117647059, 627.3333333333334, 788.6, 1517.5, 430.7142857142857, 299.05, 413.84615384615387, 305.0, 
934.6153846153846, -, -, 1008.3333333333334, 310.0, 295.6666666666667, 318.57142857142856, 325.0, 
-, -, -, -, 308.75, 371.5, 673.0, 395.0, 
1221.25, -, -, 889.2857142857143, 265.2, 285.14285714285717, 234.44444444444446, 282.94117647058823, 
-, -, -, -, 315.3333333333333, 366.6470588235294, 277.5, 310.0, 
