Wins: 
7, 1, 1, 13, 7, 0, 2, 0, 
19, 10, 20, 16, 0, 0, 0, 0, 
19, 0, 10, 16, 0, 0, 0, 0, 
6, 4, 4, 9, 5, 0, 5, 0, 
13, 20, 20, 15, 10, 1, 7, 3, 
20, 20, 20, 20, 19, 9, 18, 15, 
17, 20, 20, 14, 13, 2, 6, 5, 
20, 20, 20, 20, 17, 4, 14, 10, 
Ties: 
6, 0, 0, 1, 0, 0, 1, 0, 
0, 0, 0, 0, 0, 0, 0, 0, 
0, 0, 0, 0, 0, 0, 0, 0, 
1, 0, 0, 2, 0, 0, 1, 0, 
0, 0, 0, 0, 0, 0, 0, 0, 
0, 0, 0, 0, 0, 2, 0, 1, 
1, 0, 0, 1, 0, 0, 8, 1, 
0, 0, 0, 0, 0, 1, 1, 0, 
Loses: 
7, 19, 19, 6, 13, 20, 17, 20, 
1, 10, 0, 4, 20, 20, 20, 20, 
1, 20, 10, 4, 20, 20, 20, 20, 
13, 16, 16, 9, 15, 20, 14, 20, 
7, 0, 0, 5, 10, 19, 13, 17, 
0, 0, 0, 0, 1, 9, 2, 4, 
2, 0, 0, 5, 7, 18, 6, 14, 
0, 0, 0, 0, 3, 15, 5, 10, 
Ponits: 
35.0

65.0

45.0

35.0

89.0

142.5

102.5

126.0

Win average time: 
1303.5714285714287, 495.0, 765.0, 1107.6923076923076, 1177.142857142857, -, 1050.0, -, 
673.7894736842105, 1179.0, 739.0, 637.375, -, -, -, -, 
820.5263157894736, -, 1177.0, 829.75, -, -, -, -, 
1208.3333333333333, 562.5, 890.0, 1707.7777777777778, 934.0, -, 671.0, -, 
325.15384615384613, 207.25, 203.75, 375.46666666666664, 379.0, 275.0, 292.7142857142857, 337.0, 
330.65, 207.75, 205.0, 339.9, 366.05263157894734, 361.1111111111111, 316.1666666666667, 364.8666666666667, 
346.1764705882353, 185.5, 186.25, 322.5, 336.53846153846155, 295.0, 260.0, 242.0, 
331.0, 214.0, 207.25, 317.75, 349.4117647058824, 307.5, 260.7142857142857, 318.0, 
Tie average time: 
3000.0, -, -, 3000.0, -, -, 3000.0, -, 
-, -, -, -, -, -, -, -, 
-, -, -, -, -, -, -, -, 
3000.0, -, -, 3000.0, -, -, 1185.0, -, 
-, -, -, -, -, -, -, -, 
-, -, -, -, -, 3000.0, -, 3000.0, 
3000.0, -, -, 1185.0, -, -, 391.25, 335.0, 
-, -, -, -, -, 3000.0, 335.0, -, 
Lose average time: 
1303.5714285714287, 673.7894736842105, 820.5263157894736, 1208.3333333333333, 325.15384615384613, 330.65, 346.1764705882353, 331.0, 
495.0, 1179.0, -, 562.5, 207.25, 207.75, 185.5, 214.0, 
765.0, 739.0, 1177.0, 890.0, 203.75, 205.0, 186.25, 207.25, 
1107.6923076923076, 637.375, 829.75, 1707.7777777777778, 375.46666666666664, 339.9, 322.5, 317.75, 
1177.142857142857, -, -, 934.0, 379.0, 366.05263157894734, 336.53846153846155, 349.4117647058824, 
-, -, -, -, 275.0, 361.1111111111111, 295.0, 307.5, 
1050.0, -, -, 671.0, 292.7142857142857, 316.1666666666667, 260.0, 260.7142857142857, 
-, -, -, -, 337.0, 364.8666666666667, 242.0, 318.0, 
