Wins: 
9, 2, 1, 17, 7, 1, 6, 0, 
18, 10, 20, 19, 0, 0, 0, 0, 
19, 0, 10, 19, 0, 0, 0, 0, 
2, 1, 1, 10, 4, 0, 4, 0, 
12, 20, 20, 16, 9, 2, 11, 7, 
19, 20, 20, 20, 17, 10, 16, 11, 
14, 20, 20, 16, 8, 4, 9, 5, 
20, 20, 20, 20, 12, 7, 15, 9, 
Ties: 
2, 0, 0, 1, 1, 0, 0, 0, 
0, 0, 0, 0, 0, 0, 0, 0, 
0, 0, 0, 0, 0, 0, 0, 0, 
1, 0, 0, 0, 0, 0, 0, 0, 
1, 0, 0, 0, 2, 1, 1, 1, 
0, 0, 0, 0, 1, 0, 0, 2, 
0, 0, 0, 0, 1, 0, 2, 0, 
0, 0, 0, 0, 1, 2, 0, 2, 
Loses: 
9, 18, 19, 2, 12, 19, 14, 20, 
2, 10, 0, 1, 20, 20, 20, 20, 
1, 20, 10, 1, 20, 20, 20, 20, 
17, 19, 19, 10, 16, 20, 16, 20, 
7, 0, 0, 4, 9, 17, 8, 12, 
1, 0, 0, 0, 2, 10, 4, 7, 
6, 0, 0, 4, 11, 16, 9, 15, 
0, 0, 0, 0, 7, 11, 5, 9, 
Ponits: 
45.0

67.0

48.0

22.5

100.0

134.5

97.5

125.5

Win average time: 
1112.7777777777778, 840.0, 640.0, 1139.1176470588234, 1012.8571428571429, 330.0, 706.6666666666666, -, 
649.2777777777778, 1179.0, 739.0, 646.421052631579, -, -, -, -, 
802.3684210526316, -, 1177.0, 893.7368421052631, -, -, -, -, 
1680.0, 520.0, 685.0, 1370.0, 723.75, -, 858.75, -, 
369.8333333333333, 199.0, 204.0, 330.125, 347.77777777777777, 240.0, 286.54545454545456, 301.57142857142856, 
339.10526315789474, 210.5, 208.0, 317.5, 352.05882352941177, 397.0, 302.1875, 363.72727272727275, 
301.7857142857143, 179.75, 185.25, 338.125, 333.75, 380.0, 236.11111111111111, 267.0, 
371.25, 212.75, 204.5, 335.5, 574.1666666666666, 344.2857142857143, 272.6666666666667, 338.3333333333333, 
Tie average time: 
3000.0, -, -, 3000.0, 3000.0, -, -, -, 
-, -, -, -, -, -, -, -, 
-, -, -, -, -, -, -, -, 
3000.0, -, -, -, -, -, -, -, 
3000.0, -, -, -, 405.0, 580.0, 460.0, 665.0, 
-, -, -, -, 580.0, -, -, 3000.0, 
-, -, -, -, 460.0, -, 380.0, -, 
-, -, -, -, 665.0, 3000.0, -, 3000.0, 
Lose average time: 
1112.7777777777778, 649.2777777777778, 802.3684210526316, 1680.0, 369.8333333333333, 339.10526315789474, 301.7857142857143, 371.25, 
840.0, 1179.0, -, 520.0, 199.0, 210.5, 179.75, 212.75, 
640.0, 739.0, 1177.0, 685.0, 204.0, 208.0, 185.25, 204.5, 
1139.1176470588234, 646.421052631579, 893.7368421052631, 1370.0, 330.125, 317.5, 338.125, 335.5, 
1012.8571428571429, -, -, 723.75, 347.77777777777777, 352.05882352941177, 333.75, 574.1666666666666, 
330.0, -, -, -, 240.0, 397.0, 380.0, 344.2857142857143, 
706.6666666666666, -, -, 858.75, 286.54545454545456, 302.1875, 236.11111111111111, 272.6666666666667, 
-, -, -, -, 301.57142857142856, 363.72727272727275, 267.0, 338.3333333333333, 
