Wins: 
10, 1, 0, 19, 7, 0, 9, 0, 
19, 10, 20, 19, 0, 0, 0, 0, 
20, 0, 10, 15, 0, 0, 0, 0, 
1, 1, 5, 10, 4, 0, 4, 0, 
13, 20, 20, 16, 9, 4, 9, 5, 
20, 20, 20, 20, 16, 9, 17, 14, 
11, 20, 20, 16, 10, 3, 10, 2, 
20, 20, 20, 20, 14, 6, 17, 9, 
Ties: 
0, 0, 0, 0, 0, 0, 0, 0, 
0, 0, 0, 0, 0, 0, 0, 0, 
0, 0, 0, 0, 0, 0, 0, 0, 
0, 0, 0, 0, 0, 0, 0, 0, 
0, 0, 0, 0, 2, 0, 1, 1, 
0, 0, 0, 0, 0, 2, 0, 0, 
0, 0, 0, 0, 1, 0, 0, 1, 
0, 0, 0, 0, 1, 0, 1, 2, 
Loses: 
10, 19, 20, 1, 13, 20, 11, 20, 
1, 10, 0, 1, 20, 20, 20, 20, 
0, 20, 10, 5, 20, 20, 20, 20, 
19, 19, 15, 10, 16, 20, 16, 20, 
7, 0, 0, 4, 9, 16, 10, 14, 
0, 0, 0, 0, 4, 9, 3, 6, 
9, 0, 0, 4, 9, 17, 10, 17, 
0, 0, 0, 0, 5, 14, 2, 9, 
Ponits: 
46.0

68.0

45.0

25.0

98.0

137.0

93.0

128.0

Win average time: 
1528.0, 550.0, -, 1152.3684210526317, 800.0, -, 987.2222222222222, -, 
641.3684210526316, 1179.0, 739.0, 657.3684210526316, -, -, -, -, 
838.85, -, 1177.0, 789.2, -, -, -, -, 
910.0, 735.0, 622.0, 1230.0, 1050.0, -, 766.25, -, 
346.0, 195.25, 202.5, 366.8125, 372.77777777777777, 378.75, 292.22222222222223, 315.6, 
347.9, 208.25, 208.0, 313.8, 297.5, 427.22222222222223, 273.88235294117646, 362.92857142857144, 
445.90909090909093, 183.75, 177.25, 368.125, 372.0, 261.6666666666667, 230.0, 225.0, 
343.0, 210.75, 205.5, 316.5, 371.07142857142856, 355.0, 273.2352941176471, 376.1111111111111, 
Tie average time: 
-, -, -, -, -, -, -, -, 
-, -, -, -, -, -, -, -, 
-, -, -, -, -, -, -, -, 
-, -, -, -, -, -, -, -, 
-, -, -, -, 585.0, -, 345.0, 575.0, 
-, -, -, -, -, 3000.0, -, -, 
-, -, -, -, 345.0, -, -, 495.0, 
-, -, -, -, 575.0, -, 495.0, 3000.0, 
Lose average time: 
1528.0, 641.3684210526316, 838.85, 910.0, 346.0, 347.9, 445.90909090909093, 343.0, 
550.0, 1179.0, -, 735.0, 195.25, 208.25, 183.75, 210.75, 
-, 739.0, 1177.0, 622.0, 202.5, 208.0, 177.25, 205.5, 
1152.3684210526317, 657.3684210526316, 789.2, 1230.0, 366.8125, 313.8, 368.125, 316.5, 
800.0, -, -, 1050.0, 372.77777777777777, 297.5, 372.0, 371.07142857142856, 
-, -, -, -, 378.75, 427.22222222222223, 261.6666666666667, 355.0, 
987.2222222222222, -, -, 766.25, 292.22222222222223, 273.88235294117646, 230.0, 273.2352941176471, 
-, -, -, -, 315.6, 362.92857142857144, 225.0, 376.1111111111111, 
