Wins: 
7, 3, 1, 16, 11, 0, 4, 0, 
17, 10, 20, 17, 0, 0, 0, 0, 
19, 0, 10, 10, 0, 0, 0, 0, 
4, 3, 10, 9, 6, 0, 6, 0, 
8, 20, 20, 14, 10, 2, 14, 3, 
20, 20, 20, 20, 17, 10, 16, 10, 
16, 20, 20, 14, 5, 4, 7, 3, 
20, 20, 20, 20, 15, 9, 17, 10, 
Ties: 
6, 0, 0, 0, 1, 0, 0, 0, 
0, 0, 0, 0, 0, 0, 0, 0, 
0, 0, 0, 0, 0, 0, 0, 0, 
0, 0, 0, 2, 0, 0, 0, 0, 
1, 0, 0, 0, 0, 1, 1, 2, 
0, 0, 0, 0, 1, 0, 0, 1, 
0, 0, 0, 0, 1, 0, 6, 0, 
0, 0, 0, 0, 2, 1, 0, 0, 
Loses: 
7, 17, 19, 4, 8, 20, 16, 20, 
3, 10, 0, 3, 20, 20, 20, 20, 
1, 20, 10, 10, 20, 20, 20, 20, 
16, 17, 10, 9, 14, 20, 14, 20, 
11, 0, 0, 6, 10, 17, 5, 15, 
0, 0, 0, 0, 2, 10, 4, 9, 
4, 0, 0, 6, 14, 16, 7, 17, 
0, 0, 0, 0, 3, 10, 3, 10, 
Ponits: 
45.5

64.0

39.0

39.0

93.5

134.0

92.5

132.5

Win average time: 
1428.5714285714287, 670.0, 770.0, 1497.1875, 1403.6363636363637, -, 1500.0, -, 
626.0, 1179.0, 739.0, 656.5294117647059, -, -, -, -, 
927.3157894736842, -, 1177.0, 833.0, -, -, -, -, 
2336.25, 753.3333333333334, 560.5, 1543.888888888889, 734.1666666666666, -, 709.1666666666666, -, 
417.75, 201.75, 198.0, 347.7142857142857, 362.5, 330.0, 322.42857142857144, 364.3333333333333, 
293.95, 202.75, 207.75, 332.2, 302.3529411764706, 403.5, 279.5, 406.2, 
495.3125, 194.0, 179.0, 416.7857142857143, 331.0, 316.25, 257.14285714285717, 311.6666666666667, 
327.25, 208.0, 210.5, 337.25, 368.6666666666667, 371.1111111111111, 257.3529411764706, 351.0, 
Tie average time: 
3000.0, -, -, -, 3000.0, -, -, -, 
-, -, -, -, -, -, -, -, 
-, -, -, -, -, -, -, -, 
-, -, -, 3000.0, -, -, -, -, 
3000.0, -, -, -, -, 420.0, 365.0, 1707.5, 
-, -, -, -, 420.0, -, -, 3000.0, 
-, -, -, -, 365.0, -, 273.3333333333333, -, 
-, -, -, -, 1707.5, 3000.0, -, -, 
Lose average time: 
1428.5714285714287, 626.0, 927.3157894736842, 2336.25, 417.75, 293.95, 495.3125, 327.25, 
670.0, 1179.0, -, 753.3333333333334, 201.75, 202.75, 194.0, 208.0, 
770.0, 739.0, 1177.0, 560.5, 198.0, 207.75, 179.0, 210.5, 
1497.1875, 656.5294117647059, 833.0, 1543.888888888889, 347.7142857142857, 332.2, 416.7857142857143, 337.25, 
1403.6363636363637, -, -, 734.1666666666666, 362.5, 302.3529411764706, 331.0, 368.6666666666667, 
-, -, -, -, 330.0, 403.5, 316.25, 371.1111111111111, 
1500.0, -, -, 709.1666666666666, 322.42857142857144, 279.5, 257.14285714285717, 257.3529411764706, 
-, -, -, -, 364.3333333333333, 406.2, 311.6666666666667, 351.0, 
