Wins: 
10, 2, 2, 18, 3, 0, 9, 0, 
18, 10, 20, 19, 0, 0, 0, 0, 
18, 0, 10, 17, 0, 0, 0, 0, 
1, 1, 3, 9, 3, 0, 0, 0, 
17, 20, 20, 17, 9, 1, 8, 5, 
20, 20, 20, 20, 19, 9, 16, 10, 
11, 20, 20, 19, 12, 1, 9, 5, 
20, 20, 20, 20, 15, 8, 15, 9, 
Ties: 
0, 0, 0, 1, 0, 0, 0, 0, 
0, 0, 0, 0, 0, 0, 0, 0, 
0, 0, 0, 0, 0, 0, 0, 0, 
1, 0, 0, 2, 0, 0, 1, 0, 
0, 0, 0, 0, 2, 0, 0, 0, 
0, 0, 0, 0, 0, 2, 3, 2, 
0, 0, 0, 1, 0, 3, 2, 0, 
0, 0, 0, 0, 0, 2, 0, 2, 
Loses: 
10, 18, 18, 1, 17, 20, 11, 20, 
2, 10, 0, 1, 20, 20, 20, 20, 
2, 20, 10, 3, 20, 20, 20, 20, 
18, 19, 17, 9, 17, 20, 19, 20, 
3, 0, 0, 3, 9, 19, 12, 15, 
0, 0, 0, 0, 1, 9, 1, 8, 
9, 0, 0, 0, 8, 16, 9, 15, 
0, 0, 0, 0, 5, 10, 5, 9, 
Ponits: 
44.5

67.0

45.0

19.0

98.0

137.5

100.0

129.0

Win average time: 
1580.5, 1257.5, 782.5, 1307.2222222222222, 933.3333333333334, -, 1224.4444444444443, -, 
633.1666666666666, 1179.0, 739.0, 638.7894736842105, -, -, -, -, 
786.0, -, 1177.0, 828.5882352941177, -, -, -, -, 
1350.0, 435.0, 478.3333333333333, 1426.6666666666667, 743.3333333333334, -, -, -, 
316.29411764705884, 200.75, 196.75, 364.70588235294116, 346.1111111111111, 345.0, 296.75, 272.6, 
325.65, 216.5, 215.25, 331.95, 353.42105263157896, 354.44444444444446, 289.6875, 345.1, 
561.3636363636364, 184.5, 184.0, 379.2105263157895, 345.8333333333333, 665.0, 247.22222222222223, 303.0, 
335.25, 210.75, 211.5, 308.75, 306.3333333333333, 561.25, 264.0, 316.6666666666667, 
Tie average time: 
-, -, -, 2520.0, -, -, -, -, 
-, -, -, -, -, -, -, -, 
-, -, -, -, -, -, -, -, 
2520.0, -, -, 3000.0, -, -, 3000.0, -, 
-, -, -, -, 3000.0, -, -, -, 
-, -, -, -, -, 3000.0, 321.6666666666667, 3000.0, 
-, -, -, 3000.0, -, 321.6666666666667, 195.0, -, 
-, -, -, -, -, 3000.0, -, 3000.0, 
Lose average time: 
1580.5, 633.1666666666666, 786.0, 1350.0, 316.29411764705884, 325.65, 561.3636363636364, 335.25, 
1257.5, 1179.0, -, 435.0, 200.75, 216.5, 184.5, 210.75, 
782.5, 739.0, 1177.0, 478.3333333333333, 196.75, 215.25, 184.0, 211.5, 
1307.2222222222222, 638.7894736842105, 828.5882352941177, 1426.6666666666667, 364.70588235294116, 331.95, 379.2105263157895, 308.75, 
933.3333333333334, -, -, 743.3333333333334, 346.1111111111111, 353.42105263157896, 345.8333333333333, 306.3333333333333, 
-, -, -, -, 345.0, 354.44444444444446, 665.0, 561.25, 
1224.4444444444443, -, -, -, 296.75, 289.6875, 247.22222222222223, 264.0, 
-, -, -, -, 272.6, 345.1, 303.0, 316.6666666666667, 
