Wins: 
9, 0, 3, 17, 7, 0, 8, 0, 
20, 10, 20, 14, 0, 0, 0, 0, 
17, 0, 10, 9, 0, 0, 0, 0, 
3, 6, 11, 10, 8, 0, 5, 0, 
13, 20, 20, 12, 10, 1, 8, 5, 
20, 20, 20, 20, 19, 10, 16, 12, 
10, 20, 20, 15, 12, 2, 10, 4, 
20, 20, 20, 20, 15, 4, 14, 9, 
Ties: 
2, 0, 0, 0, 0, 0, 2, 0, 
0, 0, 0, 0, 0, 0, 0, 0, 
0, 0, 0, 0, 0, 0, 0, 0, 
0, 0, 0, 0, 0, 0, 0, 0, 
0, 0, 0, 0, 0, 0, 0, 0, 
0, 0, 0, 0, 0, 0, 2, 4, 
2, 0, 0, 0, 0, 2, 0, 2, 
0, 0, 0, 0, 0, 4, 2, 2, 
Loses: 
9, 20, 17, 3, 13, 20, 10, 20, 
0, 10, 0, 6, 20, 20, 20, 20, 
3, 20, 10, 11, 20, 20, 20, 20, 
17, 14, 9, 10, 12, 20, 15, 20, 
7, 0, 0, 8, 10, 19, 12, 15, 
0, 0, 0, 0, 1, 10, 2, 4, 
8, 0, 0, 5, 8, 16, 10, 14, 
0, 0, 0, 0, 5, 12, 4, 9, 
Ponits: 
46.0

64.0

36.0

43.0

89.0

140.0

96.0

126.0

Win average time: 
1461.111111111111, -, 715.0, 1319.4117647058824, 1220.7142857142858, -, 1209.375, -, 
645.45, 1179.0, 739.0, 650.0, -, -, -, -, 
753.4705882352941, -, 1177.0, 824.8888888888889, -, -, -, -, 
1426.6666666666667, 505.0, 561.3636363636364, 1438.5, 790.625, -, 887.0, -, 
342.2307692307692, 203.75, 204.0, 399.3333333333333, 401.0, 305.0, 388.75, 339.8, 
327.65, 207.25, 207.0, 334.05, 314.4736842105263, 370.5, 273.0625, 378.5, 
335.0, 188.75, 198.0, 412.3333333333333, 314.5833333333333, 440.0, 269.0, 273.75, 
316.75, 206.25, 209.5, 372.25, 338.0, 352.5, 271.07142857142856, 361.1111111111111, 
Tie average time: 
3000.0, -, -, -, -, -, 3000.0, -, 
-, -, -, -, -, -, -, -, 
-, -, -, -, -, -, -, -, 
-, -, -, -, -, -, -, -, 
-, -, -, -, -, -, -, -, 
-, -, -, -, -, -, 297.5, 2333.75, 
3000.0, -, -, -, -, 297.5, -, 342.5, 
-, -, -, -, -, 2333.75, 342.5, 375.0, 
Lose average time: 
1461.111111111111, 645.45, 753.4705882352941, 1426.6666666666667, 342.2307692307692, 327.65, 335.0, 316.75, 
-, 1179.0, -, 505.0, 203.75, 207.25, 188.75, 206.25, 
715.0, 739.0, 1177.0, 561.3636363636364, 204.0, 207.0, 198.0, 209.5, 
1319.4117647058824, 650.0, 824.8888888888889, 1438.5, 399.3333333333333, 334.05, 412.3333333333333, 372.25, 
1220.7142857142858, -, -, 790.625, 401.0, 314.4736842105263, 314.5833333333333, 338.0, 
-, -, -, -, 305.0, 370.5, 440.0, 352.5, 
1209.375, -, -, 887.0, 388.75, 273.0625, 269.0, 271.07142857142856, 
-, -, -, -, 339.8, 378.5, 273.75, 361.1111111111111, 
