Wins: 
9, 2, 4, 19, 8, 0, 7, 0, 
18, 10, 20, 19, 0, 0, 0, 0, 
16, 0, 10, 15, 0, 0, 0, 0, 
1, 1, 5, 10, 6, 0, 3, 0, 
12, 20, 20, 14, 10, 2, 10, 7, 
20, 20, 20, 20, 17, 10, 17, 15, 
13, 20, 20, 17, 10, 2, 10, 5, 
19, 20, 20, 20, 13, 3, 14, 10, 
Ties: 
2, 0, 0, 0, 0, 0, 0, 1, 
0, 0, 0, 0, 0, 0, 0, 0, 
0, 0, 0, 0, 0, 0, 0, 0, 
0, 0, 0, 0, 0, 0, 0, 0, 
0, 0, 0, 0, 0, 1, 0, 0, 
0, 0, 0, 0, 1, 0, 1, 2, 
0, 0, 0, 0, 0, 1, 0, 1, 
1, 0, 0, 0, 0, 2, 1, 0, 
Loses: 
9, 18, 16, 1, 12, 20, 13, 19, 
2, 10, 0, 1, 20, 20, 20, 20, 
4, 20, 10, 5, 20, 20, 20, 20, 
19, 19, 15, 10, 14, 20, 17, 20, 
8, 0, 0, 6, 10, 17, 10, 13, 
0, 0, 0, 0, 2, 10, 2, 3, 
7, 0, 0, 3, 10, 17, 10, 14, 
0, 0, 0, 0, 7, 15, 5, 10, 
Ponits: 
50.5

67.0

41.0

26.0

95.5

141.0

98.0

121.0

Win average time: 
1291.111111111111, 692.5, 875.0, 1118.157894736842, 741.875, -, 1108.5714285714287, -, 
691.0, 1179.0, 739.0, 610.7894736842105, -, -, -, -, 
782.125, -, 1177.0, 809.9333333333333, -, -, -, -, 
1380.0, 655.0, 687.0, 1441.0, 854.1666666666666, -, 698.3333333333334, -, 
275.9166666666667, 206.0, 205.0, 295.92857142857144, 404.5, 295.0, 296.9, 358.2857142857143, 
377.5, 204.75, 204.75, 333.45, 346.7647058823529, 415.5, 292.11764705882354, 357.2, 
427.6923076923077, 180.5, 182.5, 366.7647058823529, 319.0, 467.5, 238.5, 286.0, 
339.4736842105263, 212.75, 212.25, 317.25, 308.84615384615387, 343.3333333333333, 267.5, 355.0, 
Tie average time: 
3000.0, -, -, -, -, -, -, 3000.0, 
-, -, -, -, -, -, -, -, 
-, -, -, -, -, -, -, -, 
-, -, -, -, -, -, -, -, 
-, -, -, -, -, 405.0, -, -, 
-, -, -, -, 405.0, -, 1020.0, 3000.0, 
-, -, -, -, -, 1020.0, -, 380.0, 
3000.0, -, -, -, -, 3000.0, 380.0, -, 
Lose average time: 
1291.111111111111, 691.0, 782.125, 1380.0, 275.9166666666667, 377.5, 427.6923076923077, 339.4736842105263, 
692.5, 1179.0, -, 655.0, 206.0, 204.75, 180.5, 212.75, 
875.0, 739.0, 1177.0, 687.0, 205.0, 204.75, 182.5, 212.25, 
1118.157894736842, 610.7894736842105, 809.9333333333333, 1441.0, 295.92857142857144, 333.45, 366.7647058823529, 317.25, 
741.875, -, -, 854.1666666666666, 404.5, 346.7647058823529, 319.0, 308.84615384615387, 
-, -, -, -, 295.0, 415.5, 467.5, 343.3333333333333, 
1108.5714285714287, -, -, 698.3333333333334, 296.9, 292.11764705882354, 238.5, 267.5, 
-, -, -, -, 358.2857142857143, 357.2, 286.0, 355.0, 
