Wins: 
10, 2, 2, 15, 4, 0, 5, 0, 
18, 10, 20, 19, 0, 0, 0, 0, 
17, 0, 10, 16, 0, 0, 0, 0, 
4, 1, 4, 10, 2, 0, 4, 0, 
16, 20, 20, 18, 10, 5, 13, 6, 
20, 20, 20, 20, 13, 10, 17, 11, 
14, 20, 20, 16, 6, 3, 9, 2, 
20, 20, 20, 20, 14, 4, 17, 9, 
Ties: 
0, 0, 1, 1, 0, 0, 1, 0, 
0, 0, 0, 0, 0, 0, 0, 0, 
1, 0, 0, 0, 0, 0, 0, 0, 
1, 0, 0, 0, 0, 0, 0, 0, 
0, 0, 0, 0, 0, 2, 1, 0, 
0, 0, 0, 0, 2, 0, 0, 5, 
1, 0, 0, 0, 1, 0, 2, 1, 
0, 0, 0, 0, 0, 5, 1, 2, 
Loses: 
10, 18, 17, 4, 16, 20, 14, 20, 
2, 10, 0, 1, 20, 20, 20, 20, 
2, 20, 10, 4, 20, 20, 20, 20, 
15, 19, 16, 10, 18, 20, 16, 20, 
4, 0, 0, 2, 10, 13, 6, 14, 
0, 0, 0, 0, 5, 10, 3, 4, 
5, 0, 0, 4, 13, 17, 9, 17, 
0, 0, 0, 0, 6, 11, 2, 9, 
Ponits: 
39.5

67.0

43.5

25.5

109.5

134.5

92.5

128.0

Win average time: 
1190.0, 1265.0, 737.5, 1369.0, 1060.0, -, 1101.0, -, 
664.0, 1179.0, 739.0, 645.1052631578947, -, -, -, -, 
791.7647058823529, -, 1177.0, 820.3125, -, -, -, -, 
997.5, 435.0, 511.25, 1302.5, 720.0, -, 1083.75, -, 
353.875, 204.0, 204.0, 462.44444444444446, 330.0, 370.0, 302.9230769230769, 284.6666666666667, 
327.25, 205.0, 209.75, 311.35, 308.46153846153845, 442.5, 278.7647058823529, 358.90909090909093, 
302.85714285714283, 183.0, 199.75, 264.6875, 369.1666666666667, 466.6666666666667, 250.0, 272.5, 
325.25, 206.25, 207.25, 324.0, 340.35714285714283, 447.5, 280.88235294117646, 343.8888888888889, 
Tie average time: 
-, -, 3000.0, 3000.0, -, -, 3000.0, -, 
-, -, -, -, -, -, -, -, 
3000.0, -, -, -, -, -, -, -, 
3000.0, -, -, -, -, -, -, -, 
-, -, -, -, -, 382.5, 495.0, -, 
-, -, -, -, 382.5, -, -, 3000.0, 
3000.0, -, -, -, 495.0, -, 215.0, 315.0, 
-, -, -, -, -, 3000.0, 315.0, 345.0, 
Lose average time: 
1190.0, 664.0, 791.7647058823529, 997.5, 353.875, 327.25, 302.85714285714283, 325.25, 
1265.0, 1179.0, -, 435.0, 204.0, 205.0, 183.0, 206.25, 
737.5, 739.0, 1177.0, 511.25, 204.0, 209.75, 199.75, 207.25, 
1369.0, 645.1052631578947, 820.3125, 1302.5, 462.44444444444446, 311.35, 264.6875, 324.0, 
1060.0, -, -, 720.0, 330.0, 308.46153846153845, 369.1666666666667, 340.35714285714283, 
-, -, -, -, 370.0, 442.5, 466.6666666666667, 447.5, 
1101.0, -, -, 1083.75, 302.9230769230769, 278.7647058823529, 250.0, 280.88235294117646, 
-, -, -, -, 284.6666666666667, 358.90909090909093, 272.5, 343.8888888888889, 
