Wins: 
10, 1, 5, 13, 8, 0, 8, 0, 
19, 10, 20, 12, 0, 0, 0, 0, 
15, 0, 10, 12, 0, 0, 0, 0, 
5, 8, 8, 9, 5, 0, 6, 0, 
12, 20, 20, 15, 10, 2, 8, 6, 
20, 20, 20, 20, 17, 10, 17, 10, 
12, 20, 20, 12, 11, 3, 9, 4, 
20, 20, 20, 20, 14, 5, 15, 9, 
Ties: 
0, 0, 0, 2, 0, 0, 0, 0, 
0, 0, 0, 0, 0, 0, 0, 0, 
0, 0, 0, 0, 0, 0, 0, 0, 
2, 0, 0, 2, 0, 0, 2, 0, 
0, 0, 0, 0, 0, 1, 1, 0, 
0, 0, 0, 0, 1, 0, 0, 5, 
0, 0, 0, 2, 1, 0, 2, 1, 
0, 0, 0, 0, 0, 5, 1, 2, 
Loses: 
10, 19, 15, 5, 12, 20, 12, 20, 
1, 10, 0, 8, 20, 20, 20, 20, 
5, 20, 10, 8, 20, 20, 20, 20, 
13, 12, 12, 9, 15, 20, 12, 20, 
8, 0, 0, 5, 10, 17, 11, 14, 
0, 0, 0, 0, 2, 10, 3, 5, 
8, 0, 0, 6, 8, 17, 9, 15, 
0, 0, 0, 0, 6, 10, 4, 9, 
Ponits: 
46.0

61.0

37.0

44.0

94.0

137.0

94.0

127.0

Win average time: 
1801.0, 645.0, 763.0, 1303.4615384615386, 861.875, -, 996.25, -, 
667.8947368421053, 1179.0, 739.0, 678.8333333333334, -, -, -, -, 
801.9333333333333, -, 1177.0, 824.6666666666666, -, -, -, -, 
985.0, 632.5, 667.5, 960.0, 702.0, -, 719.1666666666666, -, 
356.8333333333333, 204.0, 202.25, 354.93333333333334, 378.5, 277.5, 262.75, 297.0, 
361.15, 206.25, 201.5, 322.65, 340.88235294117646, 425.0, 260.7647058823529, 363.7, 
340.4166666666667, 194.25, 188.25, 314.1666666666667, 313.6363636363636, 415.0, 231.66666666666666, 287.5, 
355.5, 209.75, 197.75, 308.5, 298.2142857142857, 370.0, 276.3333333333333, 318.8888888888889, 
Tie average time: 
-, -, -, 3000.0, -, -, -, -, 
-, -, -, -, -, -, -, -, 
-, -, -, -, -, -, -, -, 
3000.0, -, -, 2670.0, -, -, 1135.0, -, 
-, -, -, -, -, 435.0, 440.0, -, 
-, -, -, -, 435.0, -, -, 3000.0, 
-, -, -, 1135.0, 440.0, -, 310.0, 395.0, 
-, -, -, -, -, 3000.0, 395.0, 325.0, 
Lose average time: 
1801.0, 667.8947368421053, 801.9333333333333, 985.0, 356.8333333333333, 361.15, 340.4166666666667, 355.5, 
645.0, 1179.0, -, 632.5, 204.0, 206.25, 194.25, 209.75, 
763.0, 739.0, 1177.0, 667.5, 202.25, 201.5, 188.25, 197.75, 
1303.4615384615386, 678.8333333333334, 824.6666666666666, 960.0, 354.93333333333334, 322.65, 314.1666666666667, 308.5, 
861.875, -, -, 702.0, 378.5, 340.88235294117646, 313.6363636363636, 298.2142857142857, 
-, -, -, -, 277.5, 425.0, 415.0, 370.0, 
996.25, -, -, 719.1666666666666, 262.75, 260.7647058823529, 231.66666666666666, 276.3333333333333, 
-, -, -, -, 297.0, 363.7, 287.5, 318.8888888888889, 
