Wins: 
10, 3, 2, 16, 8, 0, 5, 0, 
17, 10, 20, 19, 0, 0, 0, 0, 
18, 0, 10, 18, 0, 0, 0, 0, 
4, 1, 2, 10, 8, 0, 8, 0, 
12, 20, 20, 12, 9, 2, 2, 6, 
20, 20, 20, 20, 17, 10, 18, 13, 
14, 20, 20, 11, 15, 2, 9, 0, 
20, 20, 20, 20, 13, 5, 20, 9, 
Ties: 
0, 0, 0, 0, 0, 0, 1, 0, 
0, 0, 0, 0, 0, 0, 0, 0, 
0, 0, 0, 0, 0, 0, 0, 0, 
0, 0, 0, 0, 0, 0, 1, 0, 
0, 0, 0, 0, 2, 1, 3, 1, 
0, 0, 0, 0, 1, 0, 0, 2, 
1, 0, 0, 1, 3, 0, 2, 0, 
0, 0, 0, 0, 1, 2, 0, 2, 
Loses: 
10, 17, 18, 4, 12, 20, 14, 20, 
3, 10, 0, 1, 20, 20, 20, 20, 
2, 20, 10, 2, 20, 20, 20, 20, 
16, 19, 18, 10, 12, 20, 11, 20, 
8, 0, 0, 8, 9, 17, 15, 13, 
0, 0, 0, 0, 2, 10, 2, 5, 
5, 0, 0, 8, 2, 18, 9, 20, 
0, 0, 0, 0, 6, 13, 0, 9, 
Ponits: 
44.5

66.0

46.0

33.5

86.5

139.5

94.5

129.5

Win average time: 
1435.0, 1003.3333333333334, 832.5, 1479.375, 1306.875, -, 753.0, -, 
667.2352941176471, 1179.0, 739.0, 665.5263157894736, -, -, -, -, 
772.0555555555555, -, 1177.0, 823.5555555555555, -, -, -, -, 
1301.25, 560.0, 585.0, 1506.5, 905.625, -, 803.75, -, 
300.9166666666667, 199.25, 192.25, 464.8333333333333, 319.44444444444446, 355.0, 315.5, 356.0, 
317.85, 215.0, 206.25, 331.45, 341.1764705882353, 385.5, 296.3333333333333, 391.84615384615387, 
352.5, 192.75, 191.25, 374.54545454545456, 315.6666666666667, 467.5, 236.66666666666666, -, 
361.5, 208.75, 208.25, 327.5, 351.53846153846155, 596.0, 273.5, 319.44444444444446, 
Tie average time: 
-, -, -, -, -, -, 3000.0, -, 
-, -, -, -, -, -, -, -, 
-, -, -, -, -, -, -, -, 
-, -, -, -, -, -, 1290.0, -, 
-, -, -, -, 565.0, 665.0, 1270.0, 600.0, 
-, -, -, -, 665.0, -, -, 3000.0, 
3000.0, -, -, 1290.0, 1270.0, -, 300.0, -, 
-, -, -, -, 600.0, 3000.0, -, 405.0, 
Lose average time: 
1435.0, 667.2352941176471, 772.0555555555555, 1301.25, 300.9166666666667, 317.85, 352.5, 361.5, 
1003.3333333333334, 1179.0, -, 560.0, 199.25, 215.0, 192.75, 208.75, 
832.5, 739.0, 1177.0, 585.0, 192.25, 206.25, 191.25, 208.25, 
1479.375, 665.5263157894736, 823.5555555555555, 1506.5, 464.8333333333333, 331.45, 374.54545454545456, 327.5, 
1306.875, -, -, 905.625, 319.44444444444446, 341.1764705882353, 315.6666666666667, 351.53846153846155, 
-, -, -, -, 355.0, 385.5, 467.5, 596.0, 
753.0, -, -, 803.75, 315.5, 296.3333333333333, 236.66666666666666, 273.5, 
-, -, -, -, 356.0, 391.84615384615387, -, 319.44444444444446, 
