Wins: 
10, 0, 4, 12, 7, 0, 7, 0, 
20, 10, 20, 16, 0, 0, 0, 0, 
16, 0, 10, 16, 0, 0, 0, 0, 
8, 4, 3, 10, 7, 0, 7, 0, 
13, 20, 20, 13, 9, 1, 8, 1, 
20, 20, 20, 20, 18, 9, 17, 10, 
10, 20, 20, 12, 12, 2, 9, 0, 
20, 20, 20, 20, 19, 6, 20, 10, 
Ties: 
0, 0, 0, 0, 0, 0, 3, 0, 
0, 0, 0, 0, 0, 0, 0, 0, 
0, 0, 0, 1, 0, 0, 0, 0, 
0, 0, 1, 0, 0, 0, 1, 0, 
0, 0, 0, 0, 2, 1, 0, 0, 
0, 0, 0, 0, 1, 2, 1, 4, 
3, 0, 0, 1, 0, 1, 2, 0, 
0, 0, 0, 0, 0, 4, 0, 0, 
Loses: 
10, 20, 16, 8, 13, 20, 10, 20, 
0, 10, 0, 4, 20, 20, 20, 20, 
4, 20, 10, 3, 20, 20, 20, 20, 
12, 16, 16, 10, 13, 20, 12, 20, 
7, 0, 0, 7, 9, 18, 12, 19, 
0, 0, 0, 0, 1, 9, 2, 6, 
7, 0, 0, 7, 8, 17, 9, 20, 
0, 0, 0, 0, 1, 10, 0, 10, 
Ponits: 
41.5

66.0

42.5

40.0

86.5

138.0

88.5

137.0

Win average time: 
1754.5, -, 813.75, 1596.6666666666667, 1143.5714285714287, -, 1052.857142857143, -, 
634.9, 1179.0, 739.0, 649.125, -, -, -, -, 
796.875, -, 1177.0, 794.375, -, -, -, -, 
1046.25, 432.5, 478.3333333333333, 1141.2, 701.4285714285714, -, 682.8571428571429, -, 
292.15384615384613, 183.25, 201.5, 304.6923076923077, 351.1111111111111, 565.0, 262.625, 301.0, 
309.15, 194.5, 194.5, 302.5, 291.6666666666667, 725.0, 271.5882352941176, 393.6, 
348.0, 170.5, 167.0, 333.75, 300.4166666666667, 412.5, 266.1111111111111, -, 
292.0, 197.5, 199.25, 263.25, 315.7894736842105, 309.1666666666667, 267.75, 359.5, 
Tie average time: 
-, -, -, -, -, -, 3000.0, -, 
-, -, -, -, -, -, -, -, 
-, -, -, 3000.0, -, -, -, -, 
-, -, 3000.0, -, -, -, 775.0, -, 
-, -, -, -, 255.0, 445.0, -, -, 
-, -, -, -, 445.0, 3000.0, 285.0, 3000.0, 
3000.0, -, -, 775.0, -, 285.0, 250.0, -, 
-, -, -, -, -, 3000.0, -, -, 
Lose average time: 
1754.5, 634.9, 796.875, 1046.25, 292.15384615384613, 309.15, 348.0, 292.0, 
-, 1179.0, -, 432.5, 183.25, 194.5, 170.5, 197.5, 
813.75, 739.0, 1177.0, 478.3333333333333, 201.5, 194.5, 167.0, 199.25, 
1596.6666666666667, 649.125, 794.375, 1141.2, 304.6923076923077, 302.5, 333.75, 263.25, 
1143.5714285714287, -, -, 701.4285714285714, 351.1111111111111, 291.6666666666667, 300.4166666666667, 315.7894736842105, 
-, -, -, -, 565.0, 725.0, 412.5, 309.1666666666667, 
1052.857142857143, -, -, 682.8571428571429, 262.625, 271.5882352941176, 266.1111111111111, 267.75, 
-, -, -, -, 301.0, 393.6, -, 359.5, 
