Wins: 
10, 1, 2, 14, 7, 0, 7, 0, 
19, 10, 20, 17, 0, 0, 0, 0, 
18, 0, 10, 14, 0, 0, 0, 0, 
4, 3, 6, 9, 5, 0, 4, 0, 
12, 20, 20, 14, 10, 3, 7, 5, 
20, 20, 20, 20, 16, 9, 19, 12, 
13, 20, 20, 16, 13, 1, 9, 2, 
20, 20, 20, 20, 15, 7, 18, 8, 
Ties: 
0, 0, 0, 2, 1, 0, 0, 0, 
0, 0, 0, 0, 0, 0, 0, 0, 
0, 0, 0, 0, 0, 0, 0, 0, 
2, 0, 0, 2, 1, 0, 0, 0, 
1, 0, 0, 1, 0, 1, 0, 0, 
0, 0, 0, 0, 1, 2, 0, 1, 
0, 0, 0, 0, 0, 0, 2, 0, 
0, 0, 0, 0, 0, 1, 0, 4, 
Loses: 
10, 19, 18, 4, 12, 20, 13, 20, 
1, 10, 0, 3, 20, 20, 20, 20, 
2, 20, 10, 6, 20, 20, 20, 20, 
14, 17, 14, 9, 14, 20, 16, 20, 
7, 0, 0, 5, 10, 16, 13, 15, 
0, 0, 0, 0, 3, 9, 1, 7, 
7, 0, 0, 4, 7, 19, 9, 18, 
0, 0, 0, 0, 5, 12, 2, 8, 
Ponits: 
42.5

66.0

42.0

33.5

92.5

138.0

95.0

130.5

Win average time: 
1637.5, 895.0, 657.5, 1126.4285714285713, 847.8571428571429, -, 938.5714285714286, -, 
693.6315789473684, 1179.0, 739.0, 648.1176470588235, -, -, -, -, 
783.9444444444445, -, 1177.0, 828.2857142857143, -, -, -, -, 
981.25, 563.3333333333334, 600.0, 1316.6666666666667, 922.0, -, 647.5, -, 
346.0, 194.0, 189.0, 322.92857142857144, 339.5, 368.3333333333333, 279.85714285714283, 347.2, 
366.25, 211.75, 212.5, 323.8, 337.5, 756.6666666666666, 288.8421052631579, 349.8333333333333, 
343.84615384615387, 188.25, 186.5, 300.0, 312.6923076923077, 375.0, 223.88888888888889, 242.5, 
328.75, 212.25, 211.75, 320.5, 333.6666666666667, 419.2857142857143, 278.3333333333333, 382.5, 
Tie average time: 
-, -, -, 3000.0, 3000.0, -, -, -, 
-, -, -, -, -, -, -, -, 
-, -, -, -, -, -, -, -, 
3000.0, -, -, 1835.0, 1155.0, -, -, -, 
3000.0, -, -, 1155.0, -, 3000.0, -, -, 
-, -, -, -, 3000.0, 3000.0, -, 495.0, 
-, -, -, -, -, -, 315.0, -, 
-, -, -, -, -, 495.0, -, 3000.0, 
Lose average time: 
1637.5, 693.6315789473684, 783.9444444444445, 981.25, 346.0, 366.25, 343.84615384615387, 328.75, 
895.0, 1179.0, -, 563.3333333333334, 194.0, 211.75, 188.25, 212.25, 
657.5, 739.0, 1177.0, 600.0, 189.0, 212.5, 186.5, 211.75, 
1126.4285714285713, 648.1176470588235, 828.2857142857143, 1316.6666666666667, 322.92857142857144, 323.8, 300.0, 320.5, 
847.8571428571429, -, -, 922.0, 339.5, 337.5, 312.6923076923077, 333.6666666666667, 
-, -, -, -, 368.3333333333333, 756.6666666666666, 375.0, 419.2857142857143, 
938.5714285714286, -, -, 647.5, 279.85714285714283, 288.8421052631579, 223.88888888888889, 278.3333333333333, 
-, -, -, -, 347.2, 349.8333333333333, 242.5, 382.5, 
