Wins: 
9, 2, 5, 19, 10, 0, 6, 0, 
18, 10, 20, 16, 0, 0, 0, 0, 
15, 0, 10, 17, 0, 0, 0, 0, 
1, 4, 3, 8, 5, 0, 3, 0, 
10, 20, 20, 15, 10, 2, 9, 3, 
20, 20, 20, 20, 18, 10, 18, 14, 
13, 20, 20, 16, 11, 0, 10, 3, 
20, 20, 20, 20, 15, 4, 15, 9, 
Ties: 
2, 0, 0, 0, 0, 0, 1, 0, 
0, 0, 0, 0, 0, 0, 0, 0, 
0, 0, 0, 0, 0, 0, 0, 0, 
0, 0, 0, 4, 0, 0, 1, 0, 
0, 0, 0, 0, 0, 0, 0, 2, 
0, 0, 0, 0, 0, 0, 2, 2, 
1, 0, 0, 1, 0, 2, 0, 2, 
0, 0, 0, 0, 2, 2, 2, 2, 
Loses: 
9, 18, 15, 1, 10, 20, 13, 20, 
2, 10, 0, 4, 20, 20, 20, 20, 
5, 20, 10, 3, 20, 20, 20, 20, 
19, 16, 17, 8, 15, 20, 16, 20, 
10, 0, 0, 5, 10, 18, 11, 15, 
0, 0, 0, 0, 2, 10, 0, 4, 
6, 0, 0, 3, 9, 18, 10, 15, 
0, 0, 0, 0, 3, 14, 3, 9, 
Ponits: 
52.5

64.0

42.0

26.5

90.0

142.0

96.0

127.0

Win average time: 
1412.7777777777778, 995.0, 1067.0, 1427.1052631578948, 1363.5, -, 955.0, -, 
656.8333333333334, 1179.0, 739.0, 621.875, -, -, -, -, 
816.7333333333333, -, 1177.0, 863.2941176470588, -, -, -, -, 
1135.0, 435.0, 471.6666666666667, 1601.25, 1094.0, -, 833.3333333333334, -, 
284.1, 197.5, 203.25, 309.06666666666666, 306.0, 332.5, 288.77777777777777, 295.0, 
369.0, 214.5, 216.25, 338.5, 330.27777777777777, 403.0, 302.6111111111111, 351.2857142857143, 
473.46153846153845, 181.0, 186.75, 467.1875, 373.6363636363636, -, 219.5, 318.3333333333333, 
329.25, 207.75, 207.75, 320.0, 359.3333333333333, 336.25, 269.6666666666667, 351.1111111111111, 
Tie average time: 
3000.0, -, -, -, -, -, 3000.0, -, 
-, -, -, -, -, -, -, -, 
-, -, -, -, -, -, -, -, 
-, -, -, 3000.0, -, -, 1160.0, -, 
-, -, -, -, -, -, -, 422.5, 
-, -, -, -, -, -, 460.0, 3000.0, 
3000.0, -, -, 1160.0, -, 460.0, -, 330.0, 
-, -, -, -, 422.5, 3000.0, 330.0, 325.0, 
Lose average time: 
1412.7777777777778, 656.8333333333334, 816.7333333333333, 1135.0, 284.1, 369.0, 473.46153846153845, 329.25, 
995.0, 1179.0, -, 435.0, 197.5, 214.5, 181.0, 207.75, 
1067.0, 739.0, 1177.0, 471.6666666666667, 203.25, 216.25, 186.75, 207.75, 
1427.1052631578948, 621.875, 863.2941176470588, 1601.25, 309.06666666666666, 338.5, 467.1875, 320.0, 
1363.5, -, -, 1094.0, 306.0, 330.27777777777777, 373.6363636363636, 359.3333333333333, 
-, -, -, -, 332.5, 403.0, -, 336.25, 
955.0, -, -, 833.3333333333334, 288.77777777777777, 302.6111111111111, 219.5, 269.6666666666667, 
-, -, -, -, 295.0, 351.2857142857143, 318.3333333333333, 351.1111111111111, 
