Wins: 
9, 3, 4, 12, 7, 0, 5, 0, 
17, 10, 20, 15, 0, 0, 0, 0, 
16, 0, 10, 13, 0, 0, 0, 0, 
8, 5, 6, 10, 6, 0, 5, 0, 
13, 20, 20, 14, 9, 2, 8, 3, 
20, 20, 20, 20, 18, 8, 19, 14, 
13, 20, 20, 15, 11, 0, 9, 2, 
20, 20, 20, 20, 16, 5, 15, 9, 
Ties: 
2, 0, 0, 0, 0, 0, 2, 0, 
0, 0, 0, 0, 0, 0, 0, 0, 
0, 0, 0, 1, 0, 0, 0, 0, 
0, 0, 1, 0, 0, 0, 0, 0, 
0, 0, 0, 0, 2, 0, 1, 1, 
0, 0, 0, 0, 0, 4, 1, 1, 
2, 0, 0, 0, 1, 1, 2, 3, 
0, 0, 0, 0, 1, 1, 3, 2, 
Loses: 
9, 17, 16, 8, 13, 20, 13, 20, 
3, 10, 0, 5, 20, 20, 20, 20, 
4, 20, 10, 6, 20, 20, 20, 20, 
12, 15, 13, 10, 14, 20, 15, 20, 
7, 0, 0, 6, 9, 18, 11, 16, 
0, 0, 0, 0, 2, 8, 0, 5, 
5, 0, 0, 5, 8, 19, 9, 15, 
0, 0, 0, 0, 3, 14, 2, 9, 
Ponits: 
42.0

62.0

39.5

40.5

91.0

142.0

94.5

128.5

Win average time: 
1381.6666666666667, 491.6666666666667, 900.0, 1352.0833333333333, 1105.0, -, 1101.0, -, 
629.4705882352941, 1179.0, 739.0, 651.5333333333333, -, -, -, -, 
801.5, -, 1177.0, 838.3076923076923, -, -, -, -, 
1551.125, 490.0, 532.5, 1168.0, 604.1666666666666, -, 795.0, -, 
383.61538461538464, 207.0, 187.0, 303.92857142857144, 301.6666666666667, 382.5, 320.25, 297.0, 
305.65, 196.75, 198.75, 356.75, 331.94444444444446, 595.0, 261.4736842105263, 389.57142857142856, 
314.61538461538464, 176.75, 171.75, 292.0, 276.3636363636364, -, 272.77777777777777, 292.5, 
332.0, 199.5, 195.5, 284.75, 328.125, 456.0, 247.66666666666666, 328.8888888888889, 
Tie average time: 
3000.0, -, -, -, -, -, 3000.0, -, 
-, -, -, -, -, -, -, -, 
-, -, -, 976.0, -, -, -, -, 
-, -, 976.0, -, -, -, -, -, 
-, -, -, -, 485.0, -, 365.0, 405.0, 
-, -, -, -, -, 3000.0, 895.0, 3000.0, 
3000.0, -, -, -, 365.0, 895.0, 1145.0, 300.0, 
-, -, -, -, 405.0, 3000.0, 300.0, 3000.0, 
Lose average time: 
1381.6666666666667, 629.4705882352941, 801.5, 1551.125, 383.61538461538464, 305.65, 314.61538461538464, 332.0, 
491.6666666666667, 1179.0, -, 490.0, 207.0, 196.75, 176.75, 199.5, 
900.0, 739.0, 1177.0, 532.5, 187.0, 198.75, 171.75, 195.5, 
1352.0833333333333, 651.5333333333333, 838.3076923076923, 1168.0, 303.92857142857144, 356.75, 292.0, 284.75, 
1105.0, -, -, 604.1666666666666, 301.6666666666667, 331.94444444444446, 276.3636363636364, 328.125, 
-, -, -, -, 382.5, 595.0, -, 456.0, 
1101.0, -, -, 795.0, 320.25, 261.4736842105263, 272.77777777777777, 247.66666666666666, 
-, -, -, -, 297.0, 389.57142857142856, 292.5, 328.8888888888889, 
