Wins: 
10, 3, 3, 16, 11, 0, 7, 0, 
17, 10, 20, 16, 0, 0, 0, 0, 
17, 0, 10, 16, 0, 0, 0, 0, 
4, 4, 4, 10, 13, 0, 6, 0, 
9, 20, 20, 7, 10, 1, 9, 3, 
20, 20, 20, 20, 18, 10, 17, 13, 
12, 20, 20, 14, 10, 3, 8, 3, 
20, 20, 20, 20, 17, 6, 16, 9, 
Ties: 
0, 0, 0, 0, 0, 0, 1, 0, 
0, 0, 0, 0, 0, 0, 0, 0, 
0, 0, 0, 0, 0, 0, 0, 0, 
0, 0, 0, 0, 0, 0, 0, 0, 
0, 0, 0, 0, 0, 1, 1, 0, 
0, 0, 0, 0, 1, 0, 0, 1, 
1, 0, 0, 0, 1, 0, 4, 1, 
0, 0, 0, 0, 0, 1, 1, 2, 
Loses: 
10, 17, 17, 4, 9, 20, 12, 20, 
3, 10, 0, 4, 20, 20, 20, 20, 
3, 20, 10, 4, 20, 20, 20, 20, 
16, 16, 16, 10, 7, 20, 14, 20, 
11, 0, 0, 13, 10, 18, 10, 17, 
0, 0, 0, 0, 1, 10, 3, 6, 
7, 0, 0, 6, 9, 17, 8, 16, 
0, 0, 0, 0, 3, 13, 3, 9, 
Ponits: 
50.5

63.0

43.0

41.0

80.0

139.0

93.5

130.0

Win average time: 
1138.0, 835.0, 666.6666666666666, 1383.4375, 1197.7272727272727, -, 1047.857142857143, -, 
656.8235294117648, 1179.0, 739.0, 643.5625, -, -, -, -, 
764.0, -, 1177.0, 875.0625, -, -, -, -, 
956.25, 480.0, 812.5, 1264.5, 684.6153846153846, -, 697.5, -, 
338.44444444444446, 203.0, 206.25, 367.7142857142857, 351.0, 235.0, 273.6666666666667, 414.0, 
332.9, 206.5, 206.25, 334.95, 335.8333333333333, 372.0, 278.1764705882353, 399.3076923076923, 
277.5, 178.5, 176.75, 446.07142857142856, 287.0, 351.6666666666667, 278.125, 316.6666666666667, 
338.25, 202.5, 206.25, 340.75, 330.29411764705884, 340.8333333333333, 266.5625, 338.8888888888889, 
Tie average time: 
-, -, -, -, -, -, 3000.0, -, 
-, -, -, -, -, -, -, -, 
-, -, -, -, -, -, -, -, 
-, -, -, -, -, -, -, -, 
-, -, -, -, -, 540.0, 380.0, -, 
-, -, -, -, 540.0, -, -, 3000.0, 
3000.0, -, -, -, 380.0, -, 300.0, 235.0, 
-, -, -, -, -, 3000.0, 235.0, 345.0, 
Lose average time: 
1138.0, 656.8235294117648, 764.0, 956.25, 338.44444444444446, 332.9, 277.5, 338.25, 
835.0, 1179.0, -, 480.0, 203.0, 206.5, 178.5, 202.5, 
666.6666666666666, 739.0, 1177.0, 812.5, 206.25, 206.25, 176.75, 206.25, 
1383.4375, 643.5625, 875.0625, 1264.5, 367.7142857142857, 334.95, 446.07142857142856, 340.75, 
1197.7272727272727, -, -, 684.6153846153846, 351.0, 335.8333333333333, 287.0, 330.29411764705884, 
-, -, -, -, 235.0, 372.0, 351.6666666666667, 340.8333333333333, 
1047.857142857143, -, -, 697.5, 273.6666666666667, 278.1764705882353, 278.125, 266.5625, 
-, -, -, -, 414.0, 399.3076923076923, 316.6666666666667, 338.8888888888889, 
