Wins: 
10, 0, 2, 10, 10, 0, 7, 0, 
20, 10, 20, 16, 0, 0, 0, 0, 
18, 0, 10, 12, 0, 0, 0, 0, 
9, 4, 8, 10, 12, 0, 5, 0, 
10, 20, 20, 8, 9, 1, 10, 4, 
20, 20, 20, 20, 16, 10, 15, 12, 
12, 20, 20, 15, 10, 4, 10, 2, 
20, 20, 20, 20, 16, 7, 16, 9, 
Ties: 
0, 0, 0, 1, 0, 0, 1, 0, 
0, 0, 0, 0, 0, 0, 0, 0, 
0, 0, 0, 0, 0, 0, 0, 0, 
1, 0, 0, 0, 0, 0, 0, 0, 
0, 0, 0, 0, 2, 3, 0, 0, 
0, 0, 0, 0, 3, 0, 1, 1, 
1, 0, 0, 0, 0, 1, 0, 2, 
0, 0, 0, 0, 0, 1, 2, 2, 
Loses: 
10, 20, 18, 9, 10, 20, 12, 20, 
0, 10, 0, 4, 20, 20, 20, 20, 
2, 20, 10, 8, 20, 20, 20, 20, 
10, 16, 12, 10, 8, 20, 15, 20, 
10, 0, 0, 12, 9, 16, 10, 16, 
0, 0, 0, 0, 1, 10, 4, 7, 
7, 0, 0, 5, 10, 15, 10, 16, 
0, 0, 0, 0, 4, 12, 2, 9, 
Ponits: 
40.0

66.0

40.0

48.5

84.5

135.5

95.0

130.5

Win average time: 
1457.5, -, 1502.5, 1523.5, 800.5, -, 1046.4285714285713, -, 
648.3, 1179.0, 739.0, 716.75, -, -, -, -, 
784.8333333333334, -, 1177.0, 916.1666666666666, -, -, -, -, 
1344.6666666666667, 425.0, 626.875, 1277.5, 817.0833333333334, -, 649.0, -, 
356.3, 196.75, 214.5, 382.625, 328.3333333333333, 320.0, 326.2, 297.0, 
322.7, 204.25, 196.25, 326.3, 307.1875, 503.5, 262.8, 377.75, 
342.5, 180.75, 189.5, 419.3333333333333, 304.5, 386.25, 274.5, 215.0, 
366.25, 202.5, 206.25, 300.25, 373.4375, 522.8571428571429, 258.125, 332.22222222222223, 
Tie average time: 
-, -, -, 3000.0, -, -, 3000.0, -, 
-, -, -, -, -, -, -, -, 
-, -, -, -, -, -, -, -, 
3000.0, -, -, -, -, -, -, -, 
-, -, -, -, 475.0, 388.3333333333333, -, -, 
-, -, -, -, 388.3333333333333, -, 345.0, 3000.0, 
3000.0, -, -, -, -, 345.0, -, 310.0, 
-, -, -, -, -, 3000.0, 310.0, 255.0, 
Lose average time: 
1457.5, 648.3, 784.8333333333334, 1344.6666666666667, 356.3, 322.7, 342.5, 366.25, 
-, 1179.0, -, 425.0, 196.75, 204.25, 180.75, 202.5, 
1502.5, 739.0, 1177.0, 626.875, 214.5, 196.25, 189.5, 206.25, 
1523.5, 716.75, 916.1666666666666, 1277.5, 382.625, 326.3, 419.3333333333333, 300.25, 
800.5, -, -, 817.0833333333334, 328.3333333333333, 307.1875, 304.5, 373.4375, 
-, -, -, -, 320.0, 503.5, 386.25, 522.8571428571429, 
1046.4285714285713, -, -, 649.0, 326.2, 262.8, 274.5, 258.125, 
-, -, -, -, 297.0, 377.75, 215.0, 332.22222222222223, 
