Wins: 
5, 0, 0, 6, 10, 0, 9, 0, 
20, 10, 20, 20, 7, 0, 6, 0, 
20, 0, 10, 20, 5, 0, 0, 0, 
3, 0, 0, 5, 19, 0, 18, 0, 
8, 13, 15, 1, 9, 1, 9, 1, 
20, 20, 20, 20, 19, 10, 18, 11, 
8, 14, 20, 2, 11, 2, 10, 1, 
20, 20, 20, 20, 19, 9, 17, 10, 
Ties: 
10, 0, 0, 11, 2, 0, 3, 0, 
0, 0, 0, 0, 0, 0, 0, 0, 
0, 0, 0, 0, 0, 0, 0, 0, 
11, 0, 0, 10, 0, 0, 0, 0, 
2, 0, 0, 0, 2, 0, 0, 0, 
0, 0, 0, 0, 0, 0, 0, 0, 
3, 0, 0, 0, 0, 0, 0, 2, 
0, 0, 0, 0, 0, 0, 2, 0, 
Loses: 
5, 20, 20, 3, 8, 20, 8, 20, 
0, 10, 0, 0, 13, 20, 14, 20, 
0, 20, 10, 0, 15, 20, 20, 20, 
6, 20, 20, 5, 1, 20, 2, 20, 
10, 7, 5, 19, 9, 19, 11, 19, 
0, 0, 0, 0, 1, 10, 2, 9, 
9, 6, 0, 18, 9, 18, 10, 17, 
0, 0, 0, 0, 1, 11, 1, 10, 
Ponits: 
43.0

83.0

55.0

55.5

59.0

138.0

70.5

136.0

Win average time: 
2505.6, -, -, 2495.8333333333335, 1555.5, -, 1526.111111111111, -, 
661.95, 1673.0, 661.0, 721.65, 655.7142857142857, -, 752.8333333333334, -, 
952.4, -, 1769.0, 1055.55, 815.6, -, -, -, 
2238.0, -, -, 2403.4, 1387.1052631578948, -, 1256.5555555555557, -, 
460.375, 318.84615384615387, 356.73333333333335, 480.0, 598.8888888888889, 415.0, 474.1111111111111, 540.0, 
479.6, 292.3, 291.05, 498.8, 498.42105263157896, 551.5, 414.3888888888889, 499.45454545454544, 
443.125, 315.0, 343.0, 827.5, 537.7272727272727, 450.0, 384.0, 510.0, 
414.0, 304.0, 293.0, 551.5, 451.57894736842104, 470.0, 387.52941176470586, 464.2, 
Tie average time: 
3000.0, -, -, 3000.0, 3000.0, -, 3000.0, -, 
-, -, -, -, -, -, -, -, 
-, -, -, -, -, -, -, -, 
3000.0, -, -, 3000.0, -, -, -, -, 
3000.0, -, -, -, 550.0, -, -, -, 
-, -, -, -, -, -, -, -, 
3000.0, -, -, -, -, -, -, 450.0, 
-, -, -, -, -, -, 450.0, -, 
Lose average time: 
2505.6, 661.95, 952.4, 2238.0, 460.375, 479.6, 443.125, 414.0, 
-, 1673.0, -, -, 318.84615384615387, 292.3, 315.0, 304.0, 
-, 661.0, 1769.0, -, 356.73333333333335, 291.05, 343.0, 293.0, 
2495.8333333333335, 721.65, 1055.55, 2403.4, 480.0, 498.8, 827.5, 551.5, 
1555.5, 655.7142857142857, 815.6, 1387.1052631578948, 598.8888888888889, 498.42105263157896, 537.7272727272727, 451.57894736842104, 
-, -, -, -, 415.0, 551.5, 450.0, 470.0, 
1526.111111111111, 752.8333333333334, -, 1256.5555555555557, 474.1111111111111, 414.3888888888889, 384.0, 387.52941176470586, 
-, -, -, -, 540.0, 499.45454545454544, 510.0, 464.2, 
