Wins: 
3, 0, 0, 12, 7, 0, 6, 0, 
20, 10, 20, 20, 7, 0, 5, 0, 
20, 0, 10, 20, 1, 0, 0, 0, 
0, 0, 0, 2, 10, 0, 9, 0, 
10, 12, 19, 9, 10, 5, 13, 7, 
20, 20, 20, 20, 15, 10, 18, 10, 
10, 15, 20, 11, 6, 2, 9, 6, 
20, 20, 20, 20, 12, 9, 14, 10, 
Ties: 
14, 0, 0, 8, 3, 0, 4, 0, 
0, 0, 0, 0, 1, 0, 0, 0, 
0, 0, 0, 0, 0, 0, 0, 0, 
8, 0, 0, 16, 1, 0, 0, 0, 
3, 1, 0, 1, 0, 0, 1, 1, 
0, 0, 0, 0, 0, 0, 0, 1, 
4, 0, 0, 0, 1, 0, 2, 0, 
0, 0, 0, 0, 1, 1, 0, 0, 
Loses: 
3, 20, 20, 0, 10, 20, 10, 20, 
0, 10, 0, 0, 12, 20, 15, 20, 
0, 20, 10, 0, 19, 20, 20, 20, 
12, 20, 20, 2, 9, 20, 11, 20, 
7, 7, 1, 10, 10, 15, 6, 12, 
0, 0, 0, 0, 5, 10, 2, 9, 
6, 5, 0, 9, 13, 18, 9, 14, 
0, 0, 0, 0, 7, 10, 6, 10, 
Ponits: 
42.5

82.5

51.0

33.5

88.5

133.5

82.5

126.0

Win average time: 
2190.0, -, -, 2225.3333333333335, 1904.2857142857142, -, 1520.3333333333333, -, 
668.3, 1673.0, 661.0, 672.55, 648.5714285714286, -, 992.2, -, 
956.85, -, 1769.0, 947.05, 742.0, -, -, -, 
-, -, -, 2475.0, 1506.0, -, 1363.3333333333333, -, 
400.7, 302.0833333333333, 318.94736842105266, 712.5555555555555, 608.5, 486.0, 532.5384615384615, 469.0, 
542.5, 321.05, 348.35, 491.5, 471.6666666666667, 444.1, 390.1666666666667, 575.5, 
387.5, 297.4, 308.0, 688.1818181818181, 428.3333333333333, 467.5, 391.6666666666667, 432.5, 
594.25, 339.0, 327.25, 515.25, 407.5, 427.22222222222223, 356.42857142857144, 433.5, 
Tie average time: 
3000.0, -, -, 3000.0, 3000.0, -, 3000.0, -, 
-, -, -, -, 3000.0, -, -, -, 
-, -, -, -, -, -, -, -, 
3000.0, -, -, 3000.0, 1080.0, -, -, -, 
3000.0, 3000.0, -, 1080.0, -, -, 555.0, 695.0, 
-, -, -, -, -, -, -, 3000.0, 
3000.0, -, -, -, 555.0, -, 395.0, -, 
-, -, -, -, 695.0, 3000.0, -, -, 
Lose average time: 
2190.0, 668.3, 956.85, -, 400.7, 542.5, 387.5, 594.25, 
-, 1673.0, -, -, 302.0833333333333, 321.05, 297.4, 339.0, 
-, 661.0, 1769.0, -, 318.94736842105266, 348.35, 308.0, 327.25, 
2225.3333333333335, 672.55, 947.05, 2475.0, 712.5555555555555, 491.5, 688.1818181818181, 515.25, 
1904.2857142857142, 648.5714285714286, 742.0, 1506.0, 608.5, 471.6666666666667, 428.3333333333333, 407.5, 
-, -, -, -, 486.0, 444.1, 467.5, 427.22222222222223, 
1520.3333333333333, 992.2, -, 1363.3333333333333, 532.5384615384615, 390.1666666666667, 391.6666666666667, 356.42857142857144, 
-, -, -, -, 469.0, 575.5, 432.5, 433.5, 
