Wins: 
5, 0, 0, 11, 9, 0, 4, 0, 
20, 10, 20, 20, 7, 0, 4, 0, 
20, 0, 10, 20, 2, 0, 0, 0, 
1, 0, 0, 4, 12, 0, 10, 0, 
8, 13, 18, 8, 10, 0, 9, 3, 
20, 20, 20, 20, 19, 10, 19, 12, 
15, 16, 20, 10, 11, 1, 7, 2, 
20, 20, 20, 20, 17, 8, 18, 10, 
Ties: 
10, 0, 0, 8, 3, 0, 1, 0, 
0, 0, 0, 0, 0, 0, 0, 0, 
0, 0, 0, 0, 0, 0, 0, 0, 
8, 0, 0, 12, 0, 0, 0, 0, 
3, 0, 0, 0, 0, 1, 0, 0, 
0, 0, 0, 0, 1, 0, 0, 0, 
1, 0, 0, 0, 0, 0, 6, 0, 
0, 0, 0, 0, 0, 0, 0, 0, 
Loses: 
5, 20, 20, 1, 8, 20, 15, 20, 
0, 10, 0, 0, 13, 20, 16, 20, 
0, 20, 10, 0, 18, 20, 20, 20, 
11, 20, 20, 4, 8, 20, 10, 20, 
9, 7, 2, 12, 10, 19, 11, 17, 
0, 0, 0, 0, 0, 10, 1, 8, 
4, 4, 0, 10, 9, 19, 7, 18, 
0, 0, 0, 0, 3, 12, 2, 10, 
Ponits: 
40.0

81.0

52.0

37.0

71.0

140.5

85.5

133.0

Win average time: 
2583.8, -, -, 2374.4545454545455, 1746.7777777777778, -, 1868.75, -, 
642.7, 1673.0, 661.0, 710.4, 629.4285714285714, -, 729.25, -, 
933.15, -, 1769.0, 1016.65, 711.5, -, -, -, 
2590.0, -, -, 2200.0, 1523.3333333333333, -, 1161.0, -, 
546.0, 300.46153846153845, 323.8888888888889, 873.25, 542.0, -, 558.5555555555555, 580.0, 
424.5, 330.05, 290.0, 496.9, 487.57894736842104, 425.5, 400.57894736842104, 472.5833333333333, 
389.3333333333333, 293.4375, 296.0, 552.0, 475.90909090909093, 320.0, 373.57142857142856, 342.5, 
437.75, 297.75, 291.5, 449.75, 438.8235294117647, 487.5, 343.6111111111111, 468.0, 
Tie average time: 
3000.0, -, -, 3000.0, 3000.0, -, 3000.0, -, 
-, -, -, -, -, -, -, -, 
-, -, -, -, -, -, -, -, 
3000.0, -, -, 3000.0, -, -, -, -, 
3000.0, -, -, -, -, 530.0, -, -, 
-, -, -, -, 530.0, -, -, -, 
3000.0, -, -, -, -, -, 453.3333333333333, -, 
-, -, -, -, -, -, -, -, 
Lose average time: 
2583.8, 642.7, 933.15, 2590.0, 546.0, 424.5, 389.3333333333333, 437.75, 
-, 1673.0, -, -, 300.46153846153845, 330.05, 293.4375, 297.75, 
-, 661.0, 1769.0, -, 323.8888888888889, 290.0, 296.0, 291.5, 
2374.4545454545455, 710.4, 1016.65, 2200.0, 873.25, 496.9, 552.0, 449.75, 
1746.7777777777778, 629.4285714285714, 711.5, 1523.3333333333333, 542.0, 487.57894736842104, 475.90909090909093, 438.8235294117647, 
-, -, -, -, -, 425.5, 320.0, 487.5, 
1868.75, 729.25, -, 1161.0, 558.5555555555555, 400.57894736842104, 373.57142857142856, 343.6111111111111, 
-, -, -, -, 580.0, 472.5833333333333, 342.5, 468.0, 
