Wins: 
1, 0, 0, 9, 4, 0, 9, 0, 
20, 10, 20, 20, 6, 0, 2, 0, 
20, 0, 10, 20, 0, 0, 0, 0, 
3, 0, 0, 4, 12, 0, 13, 0, 
11, 14, 20, 7, 9, 2, 10, 2, 
20, 20, 20, 20, 18, 10, 20, 10, 
9, 18, 20, 6, 8, 0, 10, 0, 
20, 20, 20, 20, 18, 10, 20, 10, 
Ties: 
18, 0, 0, 8, 5, 0, 2, 0, 
0, 0, 0, 0, 0, 0, 0, 0, 
0, 0, 0, 0, 0, 0, 0, 0, 
8, 0, 0, 12, 1, 0, 1, 0, 
5, 0, 0, 1, 2, 0, 2, 0, 
0, 0, 0, 0, 0, 0, 0, 0, 
2, 0, 0, 1, 2, 0, 0, 0, 
0, 0, 0, 0, 0, 0, 0, 0, 
Loses: 
1, 20, 20, 3, 11, 20, 9, 20, 
0, 10, 0, 0, 14, 20, 18, 20, 
0, 20, 10, 0, 20, 20, 20, 20, 
9, 20, 20, 4, 7, 20, 6, 20, 
4, 6, 0, 12, 9, 18, 8, 18, 
0, 0, 0, 0, 2, 10, 0, 10, 
9, 2, 0, 13, 10, 20, 10, 20, 
0, 0, 0, 0, 2, 10, 0, 10, 
Ponits: 
39.5

78.0

50.0

43.0

80.0

138.0

73.5

138.0

Win average time: 
2845.0, -, -, 2581.3333333333335, 1426.25, -, 2020.0, -, 
656.75, 1673.0, 661.0, 696.65, 654.5, -, 604.0, -, 
888.85, -, 1769.0, 999.3, -, -, -, -, 
2538.3333333333335, -, -, 2551.25, 1444.1666666666667, -, 1406.5384615384614, -, 
372.0, 349.85714285714283, 308.5, 542.7142857142857, 555.0, 550.0, 453.9, 473.5, 
483.6, 302.5, 304.05, 507.5, 458.3333333333333, 453.0, 385.15, 655.1, 
573.3333333333334, 300.0, 325.75, 365.8333333333333, 533.75, -, 366.5, -, 
451.75, 291.25, 304.5, 437.75, 438.3333333333333, 481.0, 360.25, 479.0, 
Tie average time: 
3000.0, -, -, 3000.0, 3000.0, -, 3000.0, -, 
-, -, -, -, -, -, -, -, 
-, -, -, -, -, -, -, -, 
3000.0, -, -, 3000.0, 3000.0, -, 2095.0, -, 
3000.0, -, -, 3000.0, 905.0, -, 570.0, -, 
-, -, -, -, -, -, -, -, 
3000.0, -, -, 2095.0, 570.0, -, -, -, 
-, -, -, -, -, -, -, -, 
Lose average time: 
2845.0, 656.75, 888.85, 2538.3333333333335, 372.0, 483.6, 573.3333333333334, 451.75, 
-, 1673.0, -, -, 349.85714285714283, 302.5, 300.0, 291.25, 
-, 661.0, 1769.0, -, 308.5, 304.05, 325.75, 304.5, 
2581.3333333333335, 696.65, 999.3, 2551.25, 542.7142857142857, 507.5, 365.8333333333333, 437.75, 
1426.25, 654.5, -, 1444.1666666666667, 555.0, 458.3333333333333, 533.75, 438.3333333333333, 
-, -, -, -, 550.0, 453.0, -, 481.0, 
2020.0, 604.0, -, 1406.5384615384614, 453.9, 385.15, 366.5, 360.25, 
-, -, -, -, 473.5, 655.1, -, 479.0, 
