Wins: 
6, 0, 0, 9, 8, 0, 5, 0, 
20, 10, 20, 20, 3, 0, 4, 0, 
20, 0, 10, 20, 1, 0, 1, 0, 
3, 0, 0, 3, 11, 0, 9, 0, 
9, 17, 19, 8, 10, 2, 4, 4, 
20, 20, 20, 20, 18, 10, 20, 11, 
12, 16, 19, 11, 15, 0, 9, 2, 
20, 20, 20, 20, 15, 9, 18, 10, 
Ties: 
8, 0, 0, 8, 3, 0, 3, 0, 
0, 0, 0, 0, 0, 0, 0, 0, 
0, 0, 0, 0, 0, 0, 0, 0, 
8, 0, 0, 14, 1, 0, 0, 0, 
3, 0, 0, 1, 0, 0, 1, 1, 
0, 0, 0, 0, 0, 0, 0, 0, 
3, 0, 0, 0, 1, 0, 2, 0, 
0, 0, 0, 0, 1, 0, 0, 0, 
Loses: 
6, 20, 20, 3, 9, 20, 12, 20, 
0, 10, 0, 0, 17, 20, 16, 20, 
0, 20, 10, 0, 19, 20, 19, 20, 
9, 20, 20, 3, 8, 20, 11, 20, 
8, 3, 1, 11, 10, 18, 15, 15, 
0, 0, 0, 0, 2, 10, 0, 9, 
5, 4, 1, 9, 4, 20, 9, 18, 
0, 0, 0, 0, 4, 11, 2, 10, 
Ponits: 
39.0

77.0

52.0

37.5

76.0

139.0

87.0

132.5

Win average time: 
2107.3333333333335, -, -, 2306.3333333333335, 1908.125, -, 1389.0, -, 
656.4, 1673.0, 661.0, 699.35, 690.6666666666666, -, 762.75, -, 
914.95, -, 1769.0, 1040.0, 868.0, -, 656.0, -, 
2003.3333333333333, -, -, 2397.0, 1593.5454545454545, -, 1364.111111111111, -, 
459.22222222222223, 317.29411764705884, 313.94736842105266, 610.75, 521.0, 482.5, 509.25, 465.75, 
451.8, 288.3, 289.75, 443.7, 452.5, 461.5, 410.8, 444.72727272727275, 
505.0, 291.5625, 313.42105263157896, 436.8181818181818, 458.6666666666667, -, 405.55555555555554, 545.0, 
436.0, 292.0, 289.5, 458.0, 471.6666666666667, 435.0, 356.1111111111111, 607.0, 
Tie average time: 
3000.0, -, -, 3000.0, 3000.0, -, 3000.0, -, 
-, -, -, -, -, -, -, -, 
-, -, -, -, -, -, -, -, 
3000.0, -, -, 3000.0, 3000.0, -, -, -, 
3000.0, -, -, 3000.0, -, -, 530.0, 690.0, 
-, -, -, -, -, -, -, -, 
3000.0, -, -, -, 530.0, -, 455.0, -, 
-, -, -, -, 690.0, -, -, -, 
Lose average time: 
2107.3333333333335, 656.4, 914.95, 2003.3333333333333, 459.22222222222223, 451.8, 505.0, 436.0, 
-, 1673.0, -, -, 317.29411764705884, 288.3, 291.5625, 292.0, 
-, 661.0, 1769.0, -, 313.94736842105266, 289.75, 313.42105263157896, 289.5, 
2306.3333333333335, 699.35, 1040.0, 2397.0, 610.75, 443.7, 436.8181818181818, 458.0, 
1908.125, 690.6666666666666, 868.0, 1593.5454545454545, 521.0, 452.5, 458.6666666666667, 471.6666666666667, 
-, -, -, -, 482.5, 461.5, -, 435.0, 
1389.0, 762.75, 656.0, 1364.111111111111, 509.25, 410.8, 405.55555555555554, 356.1111111111111, 
-, -, -, -, 465.75, 444.72727272727275, 545.0, 607.0, 
