Wins: 
6, 0, 0, 13, 6, 1, 7, 0, 
20, 10, 20, 20, 5, 0, 2, 0, 
20, 0, 10, 20, 0, 0, 0, 0, 
2, 0, 0, 3, 13, 0, 9, 0, 
10, 15, 20, 7, 10, 3, 10, 4, 
19, 20, 20, 20, 17, 10, 18, 12, 
9, 18, 20, 10, 9, 2, 9, 4, 
20, 20, 20, 20, 16, 7, 16, 10, 
Ties: 
8, 0, 0, 5, 4, 0, 4, 0, 
0, 0, 0, 0, 0, 0, 0, 0, 
0, 0, 0, 0, 0, 0, 0, 0, 
5, 0, 0, 14, 0, 0, 1, 0, 
4, 0, 0, 0, 0, 0, 1, 0, 
0, 0, 0, 0, 0, 0, 0, 1, 
4, 0, 0, 1, 1, 0, 2, 0, 
0, 0, 0, 0, 0, 1, 0, 0, 
Loses: 
6, 20, 20, 2, 10, 19, 9, 20, 
0, 10, 0, 0, 15, 20, 18, 20, 
0, 20, 10, 0, 20, 20, 20, 20, 
13, 20, 20, 3, 7, 20, 10, 20, 
6, 5, 0, 13, 10, 17, 9, 16, 
1, 0, 0, 0, 3, 10, 2, 7, 
7, 2, 0, 9, 10, 18, 9, 16, 
0, 0, 0, 0, 4, 12, 4, 10, 
Ponits: 
43.5

77.0

50.0

37.0

81.5

136.5

85.0

129.5

Win average time: 
2167.0, -, -, 2151.153846153846, 1375.3333333333333, 1905.0, 1993.5714285714287, -, 
644.45, 1673.0, 661.0, 705.75, 663.2, -, 682.5, -, 
901.05, -, 1769.0, 1004.2, -, -, -, -, 
2020.0, -, -, 2126.6666666666665, 1454.6153846153845, -, 1403.3333333333333, -, 
403.1, 316.46666666666664, 329.75, 656.8571428571429, 595.0, 551.6666666666666, 425.3, 465.25, 
515.421052631579, 295.5, 297.5, 474.65, 441.47058823529414, 468.0, 385.94444444444446, 448.4166666666667, 
393.3333333333333, 325.27777777777777, 314.0, 668.0, 525.5555555555555, 370.0, 367.77777777777777, 533.75, 
465.5, 298.5, 307.75, 473.75, 424.0625, 437.14285714285717, 366.25, 524.0, 
Tie average time: 
3000.0, -, -, 3000.0, 3000.0, -, 3000.0, -, 
-, -, -, -, -, -, -, -, 
-, -, -, -, -, -, -, -, 
3000.0, -, -, 3000.0, -, -, 3000.0, -, 
3000.0, -, -, -, -, -, 455.0, -, 
-, -, -, -, -, -, -, 3000.0, 
3000.0, -, -, 3000.0, 455.0, -, 430.0, -, 
-, -, -, -, -, 3000.0, -, -, 
Lose average time: 
2167.0, 644.45, 901.05, 2020.0, 403.1, 515.421052631579, 393.3333333333333, 465.5, 
-, 1673.0, -, -, 316.46666666666664, 295.5, 325.27777777777777, 298.5, 
-, 661.0, 1769.0, -, 329.75, 297.5, 314.0, 307.75, 
2151.153846153846, 705.75, 1004.2, 2126.6666666666665, 656.8571428571429, 474.65, 668.0, 473.75, 
1375.3333333333333, 663.2, -, 1454.6153846153845, 595.0, 441.47058823529414, 525.5555555555555, 424.0625, 
1905.0, -, -, -, 551.6666666666666, 468.0, 370.0, 437.14285714285717, 
1993.5714285714287, 682.5, -, 1403.3333333333333, 425.3, 385.94444444444446, 367.77777777777777, 366.25, 
-, -, -, -, 465.25, 448.4166666666667, 533.75, 524.0, 
