Wins: 
6, 0, 0, 7, 8, 0, 4, 0, 
20, 10, 20, 20, 0, 0, 1, 0, 
20, 0, 10, 20, 0, 0, 0, 0, 
2, 0, 0, 8, 13, 0, 15, 0, 
9, 19, 20, 7, 10, 4, 8, 3, 
20, 20, 20, 20, 16, 10, 20, 8, 
13, 19, 20, 4, 11, 0, 8, 0, 
20, 20, 20, 20, 17, 10, 20, 10, 
Ties: 
8, 0, 0, 11, 3, 0, 3, 0, 
0, 0, 0, 0, 1, 0, 0, 0, 
0, 0, 0, 0, 0, 0, 0, 0, 
11, 0, 0, 4, 0, 0, 1, 0, 
3, 1, 0, 0, 0, 0, 1, 0, 
0, 0, 0, 0, 0, 0, 0, 2, 
3, 0, 0, 1, 1, 0, 4, 0, 
0, 0, 0, 0, 0, 2, 0, 0, 
Loses: 
6, 20, 20, 2, 9, 20, 13, 20, 
0, 10, 0, 0, 19, 20, 19, 20, 
0, 20, 10, 0, 20, 20, 20, 20, 
7, 20, 20, 8, 7, 20, 4, 20, 
8, 0, 0, 13, 10, 16, 11, 17, 
0, 0, 0, 0, 4, 10, 0, 10, 
4, 1, 0, 15, 8, 20, 8, 20, 
0, 0, 0, 0, 3, 8, 0, 10, 
Ponits: 
37.5

71.5

50.0

46.0

82.5

135.0

79.5

138.0

Win average time: 
2269.0, -, -, 2347.4285714285716, 1795.0, -, 1721.25, -, 
641.7, 1673.0, 661.0, 730.45, -, -, 943.0, -, 
887.5, -, 1769.0, 1018.95, -, -, -, -, 
2186.0, -, -, 2203.25, 1619.4615384615386, -, 1257.9333333333334, -, 
506.22222222222223, 300.05263157894734, 299.1, 372.57142857142856, 535.0, 466.25, 502.5, 471.6666666666667, 
438.7, 288.75, 293.5, 428.25, 638.4375, 498.0, 372.4, 461.25, 
448.84615384615387, 295.2105263157895, 285.75, 336.25, 481.8181818181818, -, 371.875, -, 
434.75, 289.75, 285.75, 478.0, 460.0, 583.5, 369.0, 475.0, 
Tie average time: 
3000.0, -, -, 3000.0, 3000.0, -, 3000.0, -, 
-, -, -, -, 3000.0, -, -, -, 
-, -, -, -, -, -, -, -, 
3000.0, -, -, 3000.0, -, -, 3000.0, -, 
3000.0, 3000.0, -, -, -, -, 415.0, -, 
-, -, -, -, -, -, -, 3000.0, 
3000.0, -, -, 3000.0, 415.0, -, 600.0, -, 
-, -, -, -, -, 3000.0, -, -, 
Lose average time: 
2269.0, 641.7, 887.5, 2186.0, 506.22222222222223, 438.7, 448.84615384615387, 434.75, 
-, 1673.0, -, -, 300.05263157894734, 288.75, 295.2105263157895, 289.75, 
-, 661.0, 1769.0, -, 299.1, 293.5, 285.75, 285.75, 
2347.4285714285716, 730.45, 1018.95, 2203.25, 372.57142857142856, 428.25, 336.25, 478.0, 
1795.0, -, -, 1619.4615384615386, 535.0, 638.4375, 481.8181818181818, 460.0, 
-, -, -, -, 466.25, 498.0, -, 583.5, 
1721.25, 943.0, -, 1257.9333333333334, 502.5, 372.4, 371.875, 369.0, 
-, -, -, -, 471.6666666666667, 461.25, -, 475.0, 
