Wins: 
3, 0, 0, 8, 7, 0, 10, 0, 
20, 10, 20, 20, 4, 0, 2, 0, 
20, 0, 10, 20, 0, 0, 0, 0, 
2, 0, 0, 4, 13, 0, 11, 0, 
12, 16, 20, 7, 10, 3, 12, 3, 
20, 20, 20, 20, 17, 10, 19, 11, 
9, 18, 20, 8, 7, 1, 7, 0, 
20, 20, 20, 20, 16, 9, 20, 10, 
Ties: 
14, 0, 0, 10, 1, 0, 1, 0, 
0, 0, 0, 0, 0, 0, 0, 0, 
0, 0, 0, 0, 0, 0, 0, 0, 
10, 0, 0, 12, 0, 0, 1, 0, 
1, 0, 0, 0, 0, 0, 1, 1, 
0, 0, 0, 0, 0, 0, 0, 0, 
1, 0, 0, 1, 1, 0, 6, 0, 
0, 0, 0, 0, 1, 0, 0, 0, 
Loses: 
3, 20, 20, 2, 12, 20, 9, 20, 
0, 10, 0, 0, 16, 20, 18, 20, 
0, 20, 10, 0, 20, 20, 20, 20, 
8, 20, 20, 4, 7, 20, 8, 20, 
7, 4, 0, 13, 10, 17, 7, 16, 
0, 0, 0, 0, 3, 10, 1, 9, 
10, 2, 0, 11, 12, 19, 7, 20, 
0, 0, 0, 0, 3, 11, 0, 10, 
Ponits: 
41.0

76.0

50.0

41.5

84.5

137.0

74.5

135.5

Win average time: 
2605.0, -, -, 2267.75, 1754.857142857143, -, 1820.1, -, 
672.7, 1673.0, 661.0, 711.75, 634.0, -, 1077.5, -, 
897.75, -, 1769.0, 1078.9, -, -, -, -, 
1680.0, -, -, 1814.25, 1723.4615384615386, -, 1434.909090909091, -, 
404.5, 308.1875, 321.75, 601.4285714285714, 553.0, 590.0, 437.1666666666667, 483.6666666666667, 
415.25, 291.75, 295.3, 410.0, 464.4117647058824, 677.7, 371.36842105263156, 485.09090909090907, 
404.44444444444446, 300.27777777777777, 312.0, 522.5, 477.85714285714283, 470.0, 396.42857142857144, -, 
441.5, 290.75, 297.5, 453.5, 451.875, 531.7777777777778, 351.5, 437.5, 
Tie average time: 
3000.0, -, -, 3000.0, 3000.0, -, 3000.0, -, 
-, -, -, -, -, -, -, -, 
-, -, -, -, -, -, -, -, 
3000.0, -, -, 3000.0, -, -, 1865.0, -, 
3000.0, -, -, -, -, -, 575.0, 3000.0, 
-, -, -, -, -, -, -, -, 
3000.0, -, -, 1865.0, 575.0, -, 641.6666666666666, -, 
-, -, -, -, 3000.0, -, -, -, 
Lose average time: 
2605.0, 672.7, 897.75, 1680.0, 404.5, 415.25, 404.44444444444446, 441.5, 
-, 1673.0, -, -, 308.1875, 291.75, 300.27777777777777, 290.75, 
-, 661.0, 1769.0, -, 321.75, 295.3, 312.0, 297.5, 
2267.75, 711.75, 1078.9, 1814.25, 601.4285714285714, 410.0, 522.5, 453.5, 
1754.857142857143, 634.0, -, 1723.4615384615386, 553.0, 464.4117647058824, 477.85714285714283, 451.875, 
-, -, -, -, 590.0, 677.7, 470.0, 531.7777777777778, 
1820.1, 1077.5, -, 1434.909090909091, 437.1666666666667, 371.36842105263156, 396.42857142857144, 351.5, 
-, -, -, -, 483.6666666666667, 485.09090909090907, -, 437.5, 
