Wins: 
5, 0, 0, 14, 4, 0, 11, 0, 
20, 10, 20, 20, 6, 0, 2, 1, 
20, 0, 10, 20, 0, 0, 0, 0, 
0, 0, 0, 2, 8, 0, 12, 0, 
12, 14, 20, 11, 10, 4, 10, 13, 
20, 20, 20, 20, 16, 10, 9, 14, 
7, 18, 20, 8, 9, 11, 6, 3, 
20, 19, 20, 20, 6, 6, 17, 10, 
Ties: 
10, 0, 0, 6, 4, 0, 2, 0, 
0, 0, 0, 0, 0, 0, 0, 0, 
0, 0, 0, 0, 0, 0, 0, 0, 
6, 0, 0, 16, 1, 0, 0, 0, 
4, 0, 0, 1, 0, 0, 1, 1, 
0, 0, 0, 0, 0, 0, 0, 0, 
2, 0, 0, 0, 1, 0, 8, 0, 
0, 0, 0, 0, 1, 0, 0, 0, 
Loses: 
5, 20, 20, 0, 12, 20, 7, 20, 
0, 10, 0, 0, 14, 20, 18, 19, 
0, 20, 10, 0, 20, 20, 20, 20, 
14, 20, 20, 2, 11, 20, 8, 20, 
4, 6, 0, 8, 10, 16, 9, 6, 
0, 0, 0, 0, 4, 10, 11, 6, 
11, 2, 0, 12, 10, 9, 6, 17, 
0, 1, 0, 0, 13, 14, 3, 10, 
Ponits: 
45.0

79.0

50.0

33.5

97.5

129.0

87.5

118.5

Win average time: 
2301.4, -, -, 2330.4285714285716, 2010.0, -, 1744.4545454545455, -, 
655.35, 1673.0, 661.0, 711.65, 689.5, -, 772.0, 1186.0, 
897.2, -, 1769.0, 951.2, -, -, -, -, 
-, -, -, 2272.5, 1402.5, -, 1283.75, -, 
524.0833333333334, 298.57142857142856, 312.55, 571.8181818181819, 513.0, 528.75, 500.1, 426.46153846153845, 
443.45, 315.5, 309.5, 524.2, 526.875, 466.5, 355.22222222222223, 378.35714285714283, 
339.2857142857143, 316.94444444444446, 319.75, 484.375, 434.44444444444446, 517.7272727272727, 355.8333333333333, 465.0, 
518.5, 338.05263157894734, 336.75, 544.25, 491.6666666666667, 580.6666666666666, 350.5882352941176, 446.5, 
Tie average time: 
3000.0, -, -, 3000.0, 3000.0, -, 3000.0, -, 
-, -, -, -, -, -, -, -, 
-, -, -, -, -, -, -, -, 
3000.0, -, -, 3000.0, 3000.0, -, -, -, 
3000.0, -, -, 3000.0, -, -, 540.0, 3000.0, 
-, -, -, -, -, -, -, -, 
3000.0, -, -, -, 540.0, -, 578.75, -, 
-, -, -, -, 3000.0, -, -, -, 
Lose average time: 
2301.4, 655.35, 897.2, -, 524.0833333333334, 443.45, 339.2857142857143, 518.5, 
-, 1673.0, -, -, 298.57142857142856, 315.5, 316.94444444444446, 338.05263157894734, 
-, 661.0, 1769.0, -, 312.55, 309.5, 319.75, 336.75, 
2330.4285714285716, 711.65, 951.2, 2272.5, 571.8181818181819, 524.2, 484.375, 544.25, 
2010.0, 689.5, -, 1402.5, 513.0, 526.875, 434.44444444444446, 491.6666666666667, 
-, -, -, -, 528.75, 466.5, 517.7272727272727, 580.6666666666666, 
1744.4545454545455, 772.0, -, 1283.75, 500.1, 355.22222222222223, 355.8333333333333, 350.5882352941176, 
-, 1186.0, -, -, 426.46153846153845, 378.35714285714283, 465.0, 446.5, 
