Wins: 
3, 0, 0, 12, 12, 0, 7, 0, 
20, 10, 20, 20, 4, 1, 1, 0, 
20, 0, 10, 20, 0, 0, 0, 0, 
1, 0, 0, 4, 9, 0, 9, 0, 
6, 16, 20, 11, 8, 3, 8, 8, 
20, 19, 20, 20, 17, 10, 16, 12, 
9, 19, 20, 10, 11, 4, 7, 4, 
20, 20, 20, 20, 12, 8, 16, 10, 
Ties: 
14, 0, 0, 7, 2, 0, 4, 0, 
0, 0, 0, 0, 0, 0, 0, 0, 
0, 0, 0, 0, 0, 0, 0, 0, 
7, 0, 0, 12, 0, 0, 1, 0, 
2, 0, 0, 0, 4, 0, 1, 0, 
0, 0, 0, 0, 0, 0, 0, 0, 
4, 0, 0, 1, 1, 0, 6, 0, 
0, 0, 0, 0, 0, 0, 0, 0, 
Loses: 
3, 20, 20, 1, 6, 20, 9, 20, 
0, 10, 0, 0, 16, 19, 19, 20, 
0, 20, 10, 0, 20, 20, 20, 20, 
12, 20, 20, 4, 11, 20, 10, 20, 
12, 4, 0, 9, 8, 17, 11, 12, 
0, 1, 0, 0, 3, 10, 4, 8, 
7, 1, 0, 9, 8, 16, 7, 16, 
0, 0, 0, 0, 8, 12, 4, 10, 
Ponits: 
47.5

76.0

50.0

33.0

83.5

134.0

90.0

126.0

Win average time: 
2619.0, -, -, 2120.75, 1525.5, -, 1672.142857142857, -, 
659.2, 1673.0, 661.0, 684.65, 692.0, 824.0, 795.0, -, 
897.9, -, 1769.0, 903.85, -, -, -, -, 
2252.0, -, -, 2600.75, 1585.5555555555557, -, 1472.2222222222222, -, 
350.8333333333333, 320.6875, 323.75, 553.9090909090909, 521.25, 398.3333333333333, 478.0, 676.5, 
535.15, 351.10526315789474, 326.6, 508.85, 440.29411764705884, 381.5, 421.9375, 481.5, 
498.3333333333333, 327.63157894736844, 332.0, 514.5, 440.45454545454544, 368.75, 370.7142857142857, 462.5, 
522.25, 344.45, 353.5, 491.0, 472.8333333333333, 463.75, 372.5, 461.5, 
Tie average time: 
3000.0, -, -, 3000.0, 3000.0, -, 2695.0, -, 
-, -, -, -, -, -, -, -, 
-, -, -, -, -, -, -, -, 
3000.0, -, -, 3000.0, -, -, 3000.0, -, 
3000.0, -, -, -, 602.5, -, 890.0, -, 
-, -, -, -, -, -, -, -, 
2695.0, -, -, 3000.0, 890.0, -, 496.6666666666667, -, 
-, -, -, -, -, -, -, -, 
Lose average time: 
2619.0, 659.2, 897.9, 2252.0, 350.8333333333333, 535.15, 498.3333333333333, 522.25, 
-, 1673.0, -, -, 320.6875, 351.10526315789474, 327.63157894736844, 344.45, 
-, 661.0, 1769.0, -, 323.75, 326.6, 332.0, 353.5, 
2120.75, 684.65, 903.85, 2600.75, 553.9090909090909, 508.85, 514.5, 491.0, 
1525.5, 692.0, -, 1585.5555555555557, 521.25, 440.29411764705884, 440.45454545454544, 472.8333333333333, 
-, 824.0, -, -, 398.3333333333333, 381.5, 368.75, 463.75, 
1672.142857142857, 795.0, -, 1472.2222222222222, 478.0, 421.9375, 370.7142857142857, 372.5, 
-, -, -, -, 676.5, 481.5, 462.5, 461.5, 
