Wins: 
5, 0, 0, 13, 10, 0, 11, 0, 
20, 10, 20, 20, 2, 0, 2, 0, 
20, 0, 10, 20, 0, 0, 0, 0, 
1, 0, 0, 2, 16, 0, 12, 0, 
8, 18, 20, 3, 8, 1, 9, 3, 
20, 20, 20, 20, 19, 10, 20, 12, 
7, 18, 20, 4, 11, 0, 8, 0, 
20, 20, 20, 20, 15, 8, 20, 10, 
Ties: 
10, 0, 0, 6, 2, 0, 2, 0, 
0, 0, 0, 0, 0, 0, 0, 0, 
0, 0, 0, 0, 0, 0, 0, 0, 
6, 0, 0, 16, 1, 0, 4, 0, 
2, 0, 0, 1, 4, 0, 0, 2, 
0, 0, 0, 0, 0, 0, 0, 0, 
2, 0, 0, 4, 0, 0, 4, 0, 
0, 0, 0, 0, 2, 0, 0, 0, 
Loses: 
5, 20, 20, 1, 8, 20, 7, 20, 
0, 10, 0, 0, 18, 20, 18, 20, 
0, 20, 10, 0, 20, 20, 20, 20, 
13, 20, 20, 2, 3, 20, 4, 20, 
10, 2, 0, 16, 8, 19, 11, 15, 
0, 0, 0, 0, 1, 10, 0, 8, 
11, 2, 0, 12, 9, 20, 8, 20, 
0, 0, 0, 0, 3, 12, 0, 10, 
Ponits: 
49.0

74.0

50.0

44.5

74.5

141.0

73.0

134.0

Win average time: 
2154.8, -, -, 2340.076923076923, 1672.6, -, 1719.5454545454545, -, 
647.35, 1673.0, 661.0, 705.7, 725.0, -, 904.5, -, 
869.2, -, 1769.0, 1090.25, -, -, -, -, 
1985.0, -, -, 1927.5, 1604.375, -, 1771.0833333333333, -, 
413.875, 321.44444444444446, 349.85, 387.0, 480.625, 450.0, 516.5555555555555, 490.0, 
414.45, 289.5, 286.25, 455.9, 461.57894736842104, 438.5, 393.3, 558.5, 
455.7142857142857, 317.3888888888889, 304.25, 527.5, 487.27272727272725, -, 406.25, -, 
425.75, 288.25, 285.25, 474.75, 476.3333333333333, 468.75, 352.25, 367.0, 
Tie average time: 
3000.0, -, -, 3000.0, 3000.0, -, 3000.0, -, 
-, -, -, -, -, -, -, -, 
-, -, -, -, -, -, -, -, 
3000.0, -, -, 3000.0, 3000.0, -, 3000.0, -, 
3000.0, -, -, 3000.0, 590.0, -, -, 1932.5, 
-, -, -, -, -, -, -, -, 
3000.0, -, -, 3000.0, -, -, 535.0, -, 
-, -, -, -, 1932.5, -, -, -, 
Lose average time: 
2154.8, 647.35, 869.2, 1985.0, 413.875, 414.45, 455.7142857142857, 425.75, 
-, 1673.0, -, -, 321.44444444444446, 289.5, 317.3888888888889, 288.25, 
-, 661.0, 1769.0, -, 349.85, 286.25, 304.25, 285.25, 
2340.076923076923, 705.7, 1090.25, 1927.5, 387.0, 455.9, 527.5, 474.75, 
1672.6, 725.0, -, 1604.375, 480.625, 461.57894736842104, 487.27272727272725, 476.3333333333333, 
-, -, -, -, 450.0, 438.5, -, 468.75, 
1719.5454545454545, 904.5, -, 1771.0833333333333, 516.5555555555555, 393.3, 406.25, 352.25, 
-, -, -, -, 490.0, 558.5, -, 367.0, 
