Wins: 
3, 0, 0, 10, 10, 0, 10, 0, 
20, 10, 20, 20, 8, 1, 4, 0, 
20, 0, 10, 20, 0, 0, 0, 0, 
5, 0, 0, 3, 8, 0, 13, 0, 
9, 12, 20, 12, 8, 10, 8, 7, 
20, 19, 20, 20, 10, 9, 15, 13, 
7, 16, 20, 6, 12, 5, 10, 5, 
20, 20, 20, 20, 12, 7, 15, 9, 
Ties: 
14, 0, 0, 5, 1, 0, 3, 0, 
0, 0, 0, 0, 0, 0, 0, 0, 
0, 0, 0, 0, 0, 0, 0, 0, 
5, 0, 0, 14, 0, 0, 1, 0, 
1, 0, 0, 0, 4, 0, 0, 1, 
0, 0, 0, 0, 0, 2, 0, 0, 
3, 0, 0, 1, 0, 0, 0, 0, 
0, 0, 0, 0, 1, 0, 0, 2, 
Loses: 
3, 20, 20, 5, 9, 20, 7, 20, 
0, 10, 0, 0, 12, 19, 16, 20, 
0, 20, 10, 0, 20, 20, 20, 20, 
10, 20, 20, 3, 12, 20, 6, 20, 
10, 8, 0, 8, 8, 10, 12, 12, 
0, 1, 0, 0, 10, 9, 5, 7, 
10, 4, 0, 13, 8, 15, 10, 15, 
0, 0, 0, 0, 7, 13, 5, 9, 
Ponits: 
44.5

83.0

50.0

39.0

89.0

127.0

83.0

124.5

Win average time: 
2333.3333333333335, -, -, 1826.6, 1644.5, -, 1583.5, -, 
645.85, 1673.0, 661.0, 655.85, 660.5, 968.0, 672.5, -, 
838.5, -, 1769.0, 928.1, -, -, -, -, 
2291.0, -, -, 2301.6666666666665, 1536.875, -, 1270.5384615384614, -, 
469.77777777777777, 318.25, 334.55, 601.6666666666666, 528.75, 413.5, 565.125, 406.7142857142857, 
546.7, 310.57894736842104, 334.2, 477.65, 389.0, 676.6666666666666, 374.3333333333333, 512.6153846153846, 
389.2857142857143, 345.9375, 301.5, 487.5, 511.6666666666667, 463.0, 365.0, 458.0, 
611.75, 338.6, 325.75, 543.0, 483.3333333333333, 591.4285714285714, 394.6666666666667, 489.44444444444446, 
Tie average time: 
3000.0, -, -, 3000.0, 3000.0, -, 3000.0, -, 
-, -, -, -, -, -, -, -, 
-, -, -, -, -, -, -, -, 
3000.0, -, -, 3000.0, -, -, 3000.0, -, 
3000.0, -, -, -, 785.0, -, -, 995.0, 
-, -, -, -, -, 3000.0, -, -, 
3000.0, -, -, 3000.0, -, -, -, -, 
-, -, -, -, 995.0, -, -, 3000.0, 
Lose average time: 
2333.3333333333335, 645.85, 838.5, 2291.0, 469.77777777777777, 546.7, 389.2857142857143, 611.75, 
-, 1673.0, -, -, 318.25, 310.57894736842104, 345.9375, 338.6, 
-, 661.0, 1769.0, -, 334.55, 334.2, 301.5, 325.75, 
1826.6, 655.85, 928.1, 2301.6666666666665, 601.6666666666666, 477.65, 487.5, 543.0, 
1644.5, 660.5, -, 1536.875, 528.75, 389.0, 511.6666666666667, 483.3333333333333, 
-, 968.0, -, -, 413.5, 676.6666666666666, 463.0, 591.4285714285714, 
1583.5, 672.5, -, 1270.5384615384614, 565.125, 374.3333333333333, 365.0, 394.6666666666667, 
-, -, -, -, 406.7142857142857, 512.6153846153846, 458.0, 489.44444444444446, 
