Wins: 
5, 0, 0, 5, 6, 0, 7, 0, 
20, 10, 20, 20, 2, 0, 1, 0, 
20, 0, 10, 20, 0, 0, 0, 0, 
8, 0, 0, 6, 12, 0, 13, 0, 
12, 18, 20, 8, 10, 0, 8, 3, 
20, 20, 20, 20, 19, 10, 20, 10, 
10, 19, 20, 5, 12, 0, 9, 2, 
20, 20, 20, 20, 16, 10, 18, 10, 
Ties: 
10, 0, 0, 7, 2, 0, 3, 0, 
0, 0, 0, 0, 0, 0, 0, 0, 
0, 0, 0, 0, 0, 0, 0, 0, 
7, 0, 0, 8, 0, 0, 2, 0, 
2, 0, 0, 0, 0, 1, 0, 1, 
0, 0, 0, 0, 1, 0, 0, 0, 
3, 0, 0, 2, 0, 0, 2, 0, 
0, 0, 0, 0, 1, 0, 0, 0, 
Loses: 
5, 20, 20, 8, 12, 20, 10, 20, 
0, 10, 0, 0, 18, 20, 19, 20, 
0, 20, 10, 0, 20, 20, 20, 20, 
5, 20, 20, 6, 8, 20, 5, 20, 
6, 2, 0, 12, 10, 19, 12, 16, 
0, 0, 0, 0, 0, 10, 0, 10, 
7, 1, 0, 13, 8, 20, 9, 18, 
0, 0, 0, 0, 3, 10, 2, 10, 
Ponits: 
34.0

73.0

50.0

47.5

81.0

139.5

80.5

134.5

Win average time: 
2201.0, -, -, 2619.6, 2032.5, -, 1555.0, -, 
653.95, 1673.0, 661.0, 737.4, 590.5, -, 555.0, -, 
893.0, -, 1769.0, 1180.75, -, -, -, -, 
2427.125, -, -, 2339.5, 1492.8333333333333, -, 1664.3076923076924, -, 
441.5, 313.8333333333333, 295.55, 349.5, 532.0, -, 521.875, 610.0, 
439.9, 282.25, 282.0, 487.0, 437.63157894736844, 460.5, 388.15, 399.5, 
455.0, 273.42105263157896, 275.0, 334.0, 490.8333333333333, -, 382.77777777777777, 422.5, 
443.5, 289.2, 277.25, 413.0, 453.125, 421.5, 367.22222222222223, 391.0, 
Tie average time: 
3000.0, -, -, 3000.0, 3000.0, -, 3000.0, -, 
-, -, -, -, -, -, -, -, 
-, -, -, -, -, -, -, -, 
3000.0, -, -, 3000.0, -, -, 3000.0, -, 
3000.0, -, -, -, -, 910.0, -, 800.0, 
-, -, -, -, 910.0, -, -, -, 
3000.0, -, -, 3000.0, -, -, 380.0, -, 
-, -, -, -, 800.0, -, -, -, 
Lose average time: 
2201.0, 653.95, 893.0, 2427.125, 441.5, 439.9, 455.0, 443.5, 
-, 1673.0, -, -, 313.8333333333333, 282.25, 273.42105263157896, 289.2, 
-, 661.0, 1769.0, -, 295.55, 282.0, 275.0, 277.25, 
2619.6, 737.4, 1180.75, 2339.5, 349.5, 487.0, 334.0, 413.0, 
2032.5, 590.5, -, 1492.8333333333333, 532.0, 437.63157894736844, 490.8333333333333, 453.125, 
-, -, -, -, -, 460.5, -, 421.5, 
1555.0, 555.0, -, 1664.3076923076924, 521.875, 388.15, 382.77777777777777, 367.22222222222223, 
-, -, -, -, 610.0, 399.5, 422.5, 391.0, 
