Wins: 
5, 0, 0, 9, 12, 0, 7, 0, 
20, 10, 20, 20, 5, 0, 1, 0, 
20, 0, 10, 20, 2, 0, 0, 0, 
2, 0, 0, 4, 8, 0, 9, 0, 
5, 15, 18, 11, 8, 4, 10, 4, 
20, 20, 20, 20, 16, 10, 17, 10, 
12, 19, 20, 9, 10, 3, 9, 6, 
20, 20, 20, 20, 16, 10, 14, 10, 
Ties: 
10, 0, 0, 9, 3, 0, 1, 0, 
0, 0, 0, 0, 0, 0, 0, 0, 
0, 0, 0, 0, 0, 0, 0, 0, 
9, 0, 0, 12, 1, 0, 2, 0, 
3, 0, 0, 1, 4, 0, 0, 0, 
0, 0, 0, 0, 0, 0, 0, 0, 
1, 0, 0, 2, 0, 0, 2, 0, 
0, 0, 0, 0, 0, 0, 0, 0, 
Loses: 
5, 20, 20, 2, 5, 20, 12, 20, 
0, 10, 0, 0, 15, 20, 19, 20, 
0, 20, 10, 0, 18, 20, 20, 20, 
9, 20, 20, 4, 11, 20, 9, 20, 
12, 5, 2, 8, 8, 16, 10, 16, 
0, 0, 0, 0, 4, 10, 3, 10, 
7, 1, 0, 9, 10, 17, 9, 14, 
0, 0, 0, 0, 4, 10, 6, 10, 
Ponits: 
44.5

76.0

52.0

35.0

79.0

133.0

90.5

130.0

Win average time: 
2177.8, -, -, 2286.5555555555557, 1748.4166666666667, -, 2214.285714285714, -, 
651.15, 1673.0, 661.0, 677.25, 669.2, -, 628.0, -, 
963.35, -, 1769.0, 982.4, 882.5, -, -, -, 
1395.0, -, -, 2181.0, 1595.625, -, 1281.6666666666667, -, 
392.4, 309.73333333333335, 318.3888888888889, 609.1818181818181, 561.25, 538.75, 588.5, 366.5, 
504.15, 305.5, 301.8, 482.6, 411.25, 399.0, 379.4117647058824, 380.8, 
482.9166666666667, 313.2631578947368, 322.5, 592.2222222222222, 452.5, 830.0, 380.55555555555554, 692.5, 
599.0, 366.7, 313.0, 547.75, 451.875, 421.5, 368.57142857142856, 429.0, 
Tie average time: 
3000.0, -, -, 3000.0, 3000.0, -, 3000.0, -, 
-, -, -, -, -, -, -, -, 
-, -, -, -, -, -, -, -, 
3000.0, -, -, 3000.0, 3000.0, -, 1300.0, -, 
3000.0, -, -, 3000.0, 1865.0, -, -, -, 
-, -, -, -, -, -, -, -, 
3000.0, -, -, 1300.0, -, -, 380.0, -, 
-, -, -, -, -, -, -, -, 
Lose average time: 
2177.8, 651.15, 963.35, 1395.0, 392.4, 504.15, 482.9166666666667, 599.0, 
-, 1673.0, -, -, 309.73333333333335, 305.5, 313.2631578947368, 366.7, 
-, 661.0, 1769.0, -, 318.3888888888889, 301.8, 322.5, 313.0, 
2286.5555555555557, 677.25, 982.4, 2181.0, 609.1818181818181, 482.6, 592.2222222222222, 547.75, 
1748.4166666666667, 669.2, 882.5, 1595.625, 561.25, 411.25, 452.5, 451.875, 
-, -, -, -, 538.75, 399.0, 830.0, 421.5, 
2214.285714285714, 628.0, -, 1281.6666666666667, 588.5, 379.4117647058824, 380.55555555555554, 368.57142857142856, 
-, -, -, -, 366.5, 380.8, 692.5, 429.0, 
