Wins: 
6, 0, 0, 10, 6, 0, 12, 0, 
20, 10, 20, 20, 6, 0, 1, 0, 
20, 0, 10, 20, 0, 0, 2, 0, 
3, 0, 0, 5, 14, 0, 12, 0, 
11, 14, 20, 6, 10, 4, 5, 1, 
20, 20, 20, 20, 16, 10, 20, 14, 
8, 19, 18, 7, 14, 0, 8, 1, 
20, 20, 20, 20, 17, 6, 19, 10, 
Ties: 
8, 0, 0, 7, 3, 0, 0, 0, 
0, 0, 0, 0, 0, 0, 0, 0, 
0, 0, 0, 0, 0, 0, 0, 0, 
7, 0, 0, 10, 0, 0, 1, 0, 
3, 0, 0, 0, 0, 0, 1, 2, 
0, 0, 0, 0, 0, 0, 0, 0, 
0, 0, 0, 1, 1, 0, 4, 0, 
0, 0, 0, 0, 2, 0, 0, 0, 
Loses: 
6, 20, 20, 3, 11, 20, 8, 20, 
0, 10, 0, 0, 14, 20, 19, 20, 
0, 20, 10, 0, 20, 20, 18, 20, 
10, 20, 20, 5, 6, 20, 7, 20, 
6, 6, 0, 14, 10, 16, 14, 17, 
0, 0, 0, 0, 4, 10, 0, 6, 
12, 1, 2, 12, 5, 20, 8, 19, 
0, 0, 0, 0, 1, 14, 1, 10, 
Ponits: 
43.0

77.0

52.0

43.0

74.0

140.0

78.0

133.0

Win average time: 
2278.3333333333335, -, -, 2633.5, 1509.3333333333333, -, 1395.4166666666667, -, 
664.5, 1673.0, 661.0, 716.5, 648.3333333333334, -, 868.0, -, 
944.5, -, 1769.0, 1014.55, -, -, 861.5, -, 
2251.6666666666665, -, -, 2151.4, 1226.5, -, 1376.6666666666667, -, 
398.54545454545456, 320.64285714285717, 315.6, 657.5, 511.5, 541.25, 481.8, 340.0, 
434.65, 288.75, 296.0, 475.3, 406.5625, 458.5, 392.8, 487.35714285714283, 
385.0, 327.63157894736844, 301.94444444444446, 437.85714285714283, 504.64285714285717, -, 368.125, 320.0, 
428.5, 299.25, 295.25, 442.5, 459.11764705882354, 421.6666666666667, 361.05263157894734, 480.0, 
Tie average time: 
3000.0, -, -, 3000.0, 3000.0, -, -, -, 
-, -, -, -, -, -, -, -, 
-, -, -, -, -, -, -, -, 
3000.0, -, -, 3000.0, -, -, 3000.0, -, 
3000.0, -, -, -, -, -, 480.0, 1925.0, 
-, -, -, -, -, -, -, -, 
-, -, -, 3000.0, 480.0, -, 412.5, -, 
-, -, -, -, 1925.0, -, -, -, 
Lose average time: 
2278.3333333333335, 664.5, 944.5, 2251.6666666666665, 398.54545454545456, 434.65, 385.0, 428.5, 
-, 1673.0, -, -, 320.64285714285717, 288.75, 327.63157894736844, 299.25, 
-, 661.0, 1769.0, -, 315.6, 296.0, 301.94444444444446, 295.25, 
2633.5, 716.5, 1014.55, 2151.4, 657.5, 475.3, 437.85714285714283, 442.5, 
1509.3333333333333, 648.3333333333334, -, 1226.5, 511.5, 406.5625, 504.64285714285717, 459.11764705882354, 
-, -, -, -, 541.25, 458.5, -, 421.6666666666667, 
1395.4166666666667, 868.0, 861.5, 1376.6666666666667, 481.8, 392.8, 368.125, 361.05263157894734, 
-, -, -, -, 340.0, 487.35714285714283, 320.0, 480.0, 
