Wins: 
1, 0, 0, 12, 8, 0, 9, 0, 
20, 10, 20, 20, 0, 0, 0, 0, 
20, 0, 10, 20, 0, 0, 0, 0, 
2, 0, 0, 4, 7, 0, 8, 0, 
11, 20, 20, 11, 10, 1, 10, 2, 
20, 20, 20, 20, 19, 9, 20, 9, 
11, 20, 20, 10, 9, 0, 10, 0, 
20, 20, 20, 20, 17, 10, 20, 9, 
Ties: 
18, 0, 0, 6, 1, 0, 0, 0, 
0, 0, 0, 0, 0, 0, 0, 0, 
0, 0, 0, 0, 0, 0, 0, 0, 
6, 0, 0, 12, 2, 0, 2, 0, 
1, 0, 0, 2, 0, 0, 1, 1, 
0, 0, 0, 0, 0, 2, 0, 1, 
0, 0, 0, 2, 1, 0, 0, 0, 
0, 0, 0, 0, 1, 1, 0, 2, 
Loses: 
1, 20, 20, 2, 11, 20, 11, 20, 
0, 10, 0, 0, 20, 20, 20, 20, 
0, 20, 10, 0, 20, 20, 20, 20, 
12, 20, 20, 4, 11, 20, 10, 20, 
8, 0, 0, 7, 10, 19, 9, 17, 
0, 0, 0, 0, 1, 9, 0, 10, 
9, 0, 0, 8, 10, 20, 10, 20, 
0, 0, 0, 0, 2, 9, 0, 9, 
Ponits: 
42.5

70.0

50.0

32.0

87.5

138.5

81.5

138.0

Win average time: 
2797.0, -, -, 2354.4166666666665, 1877.25, -, 1590.111111111111, -, 
635.2, 1673.0, 661.0, 672.3, -, -, -, -, 
925.1, -, 1769.0, 911.5, -, -, -, -, 
1420.0, -, -, 1813.5, 1618.142857142857, -, 2051.875, -, 
339.72727272727275, 279.0, 276.0, 466.90909090909093, 591.5, 375.0, 542.6, 582.5, 
366.6, 281.5, 281.0, 385.25, 547.8947368421053, 415.0, 357.6, 481.3333333333333, 
391.8181818181818, 240.75, 238.75, 328.0, 617.7777777777778, -, 403.5, -, 
413.0, 286.75, 286.5, 396.5, 380.29411764705884, 428.5, 338.5, 358.3333333333333, 
Tie average time: 
3000.0, -, -, 3000.0, 3000.0, -, -, -, 
-, -, -, -, -, -, -, -, 
-, -, -, -, -, -, -, -, 
3000.0, -, -, 3000.0, 3000.0, -, 3000.0, -, 
3000.0, -, -, 3000.0, -, -, 650.0, 760.0, 
-, -, -, -, -, 3000.0, -, 3000.0, 
-, -, -, 3000.0, 650.0, -, -, -, 
-, -, -, -, 760.0, 3000.0, -, 3000.0, 
Lose average time: 
2797.0, 635.2, 925.1, 1420.0, 339.72727272727275, 366.6, 391.8181818181818, 413.0, 
-, 1673.0, -, -, 279.0, 281.5, 240.75, 286.75, 
-, 661.0, 1769.0, -, 276.0, 281.0, 238.75, 286.5, 
2354.4166666666665, 672.3, 911.5, 1813.5, 466.90909090909093, 385.25, 328.0, 396.5, 
1877.25, -, -, 1618.142857142857, 591.5, 547.8947368421053, 617.7777777777778, 380.29411764705884, 
-, -, -, -, 375.0, 415.0, -, 428.5, 
1590.111111111111, -, -, 2051.875, 542.6, 357.6, 403.5, 338.5, 
-, -, -, -, 582.5, 481.3333333333333, -, 358.3333333333333, 
