Wins: 
5, 0, 0, 14, 12, 0, 8, 0, 
20, 10, 20, 20, 8, 0, 4, 0, 
20, 0, 10, 20, 0, 0, 1, 0, 
1, 0, 0, 3, 13, 0, 15, 0, 
5, 12, 20, 7, 10, 3, 10, 5, 
20, 20, 20, 20, 17, 10, 18, 10, 
9, 16, 19, 5, 9, 2, 6, 4, 
20, 20, 20, 20, 15, 8, 16, 10, 
Ties: 
10, 0, 0, 5, 3, 0, 3, 0, 
0, 0, 0, 0, 0, 0, 0, 0, 
0, 0, 0, 0, 0, 0, 0, 0, 
5, 0, 0, 14, 0, 0, 0, 0, 
3, 0, 0, 0, 0, 0, 1, 0, 
0, 0, 0, 0, 0, 0, 0, 2, 
3, 0, 0, 0, 1, 0, 8, 0, 
0, 0, 0, 0, 0, 2, 0, 0, 
Loses: 
5, 20, 20, 1, 5, 20, 9, 20, 
0, 10, 0, 0, 12, 20, 16, 20, 
0, 20, 10, 0, 20, 20, 19, 20, 
14, 20, 20, 3, 7, 20, 5, 20, 
12, 8, 0, 13, 10, 17, 9, 15, 
0, 0, 0, 0, 3, 10, 2, 8, 
8, 4, 1, 15, 10, 18, 6, 16, 
0, 0, 0, 0, 5, 10, 4, 10, 
Ponits: 
49.5

82.0

51.0

41.5

74.0

136.0

76.0

130.0

Win average time: 
2447.2, -, -, 2315.6428571428573, 1737.75, -, 1626.625, -, 
669.45, 1673.0, 661.0, 698.45, 648.5, -, 791.5, -, 
850.0, -, 1769.0, 923.2, -, -, 670.0, -, 
2178.0, -, -, 2456.6666666666665, 1517.6923076923076, -, 1343.6666666666667, -, 
520.2, 315.0, 329.8, 624.8571428571429, 501.0, 511.6666666666667, 471.5, 403.2, 
558.35, 326.3, 304.0, 543.8, 464.88235294117646, 392.0, 400.22222222222223, 420.0, 
350.55555555555554, 329.5, 326.3157894736842, 882.0, 442.77777777777777, 377.5, 397.5, 513.75, 
490.0, 298.75, 326.0, 560.5, 468.3333333333333, 488.125, 378.4375, 428.0, 
Tie average time: 
3000.0, -, -, 3000.0, 3000.0, -, 3000.0, -, 
-, -, -, -, -, -, -, -, 
-, -, -, -, -, -, -, -, 
3000.0, -, -, 3000.0, -, -, -, -, 
3000.0, -, -, -, -, -, 665.0, -, 
-, -, -, -, -, -, -, 3000.0, 
3000.0, -, -, -, 665.0, -, 456.25, -, 
-, -, -, -, -, 3000.0, -, -, 
Lose average time: 
2447.2, 669.45, 850.0, 2178.0, 520.2, 558.35, 350.55555555555554, 490.0, 
-, 1673.0, -, -, 315.0, 326.3, 329.5, 298.75, 
-, 661.0, 1769.0, -, 329.8, 304.0, 326.3157894736842, 326.0, 
2315.6428571428573, 698.45, 923.2, 2456.6666666666665, 624.8571428571429, 543.8, 882.0, 560.5, 
1737.75, 648.5, -, 1517.6923076923076, 501.0, 464.88235294117646, 442.77777777777777, 468.3333333333333, 
-, -, -, -, 511.6666666666667, 392.0, 377.5, 488.125, 
1626.625, 791.5, 670.0, 1343.6666666666667, 471.5, 400.22222222222223, 397.5, 378.4375, 
-, -, -, -, 403.2, 420.0, 513.75, 428.0, 
