Wins: 
6, 0, 0, 10, 8, 0, 5, 0, 
20, 10, 20, 20, 4, 0, 3, 0, 
20, 0, 10, 19, 0, 0, 1, 0, 
3, 0, 1, 8, 9, 0, 10, 0, 
8, 16, 20, 9, 10, 1, 9, 1, 
20, 20, 20, 20, 19, 10, 20, 11, 
13, 17, 19, 7, 11, 0, 8, 0, 
20, 20, 20, 20, 19, 8, 20, 10, 
Ties: 
8, 0, 0, 7, 4, 0, 2, 0, 
0, 0, 0, 0, 0, 0, 0, 0, 
0, 0, 0, 0, 0, 0, 0, 0, 
7, 0, 0, 4, 2, 0, 3, 0, 
4, 0, 0, 2, 0, 0, 0, 0, 
0, 0, 0, 0, 0, 0, 0, 1, 
2, 0, 0, 3, 0, 0, 4, 0, 
0, 0, 0, 0, 0, 1, 0, 0, 
Loses: 
6, 20, 20, 3, 8, 20, 13, 20, 
0, 10, 0, 0, 16, 20, 17, 20, 
0, 20, 10, 1, 20, 20, 19, 20, 
10, 20, 19, 8, 9, 20, 7, 20, 
8, 4, 0, 9, 10, 19, 11, 19, 
0, 0, 0, 0, 1, 10, 0, 8, 
5, 3, 1, 10, 9, 20, 8, 20, 
0, 0, 0, 0, 1, 11, 0, 10, 
Ponits: 
39.5

77.0

50.0

39.0

77.0

140.5

79.5

137.5

Win average time: 
2498.5, -, -, 2222.9, 1534.875, -, 1904.8, -, 
650.3, 1673.0, 661.0, 712.45, 628.25, -, 801.3333333333334, -, 
946.65, -, 1769.0, 1054.8947368421052, -, -, 725.0, -, 
1750.6666666666667, -, 840.0, 2441.125, 1676.2222222222222, -, 1530.4, -, 
382.875, 320.625, 336.65, 383.8888888888889, 602.5, 750.0, 483.22222222222223, 450.0, 
426.2, 301.05, 294.75, 519.8, 616.0526315789474, 493.0, 381.85, 552.3636363636364, 
479.2307692307692, 311.7647058823529, 304.4736842105263, 595.7142857142857, 476.8181818181818, -, 388.125, -, 
425.5, 290.75, 292.25, 452.75, 450.0, 503.75, 351.75, 450.5, 
Tie average time: 
3000.0, -, -, 3000.0, 3000.0, -, 3000.0, -, 
-, -, -, -, -, -, -, -, 
-, -, -, -, -, -, -, -, 
3000.0, -, -, 3000.0, 3000.0, -, 3000.0, -, 
3000.0, -, -, 3000.0, -, -, -, -, 
-, -, -, -, -, -, -, 3000.0, 
3000.0, -, -, 3000.0, -, -, 547.5, -, 
-, -, -, -, -, 3000.0, -, -, 
Lose average time: 
2498.5, 650.3, 946.65, 1750.6666666666667, 382.875, 426.2, 479.2307692307692, 425.5, 
-, 1673.0, -, -, 320.625, 301.05, 311.7647058823529, 290.75, 
-, 661.0, 1769.0, 840.0, 336.65, 294.75, 304.4736842105263, 292.25, 
2222.9, 712.45, 1054.8947368421052, 2441.125, 383.8888888888889, 519.8, 595.7142857142857, 452.75, 
1534.875, 628.25, -, 1676.2222222222222, 602.5, 616.0526315789474, 476.8181818181818, 450.0, 
-, -, -, -, 750.0, 493.0, -, 503.75, 
1904.8, 801.3333333333334, 725.0, 1530.4, 483.22222222222223, 381.85, 388.125, 351.75, 
-, -, -, -, 450.0, 552.3636363636364, -, 450.5, 
