Wins: 
4, 0, 0, 12, 7, 0, 10, 0, 
20, 10, 20, 20, 5, 0, 1, 0, 
20, 0, 10, 20, 0, 0, 0, 0, 
2, 0, 0, 2, 9, 0, 10, 0, 
10, 15, 20, 10, 10, 4, 10, 2, 
20, 20, 20, 20, 16, 10, 19, 15, 
5, 19, 20, 8, 10, 1, 9, 3, 
20, 20, 20, 20, 17, 5, 17, 10, 
Ties: 
12, 0, 0, 6, 3, 0, 5, 0, 
0, 0, 0, 0, 0, 0, 0, 0, 
0, 0, 0, 0, 0, 0, 0, 0, 
6, 0, 0, 16, 1, 0, 2, 0, 
3, 0, 0, 1, 0, 0, 0, 1, 
0, 0, 0, 0, 0, 0, 0, 0, 
5, 0, 0, 2, 0, 0, 2, 0, 
0, 0, 0, 0, 1, 0, 0, 0, 
Loses: 
4, 20, 20, 2, 10, 20, 5, 20, 
0, 10, 0, 0, 15, 20, 19, 20, 
0, 20, 10, 0, 20, 20, 20, 20, 
12, 20, 20, 2, 10, 20, 8, 20, 
7, 5, 0, 9, 10, 16, 10, 17, 
0, 0, 0, 0, 4, 10, 1, 5, 
10, 1, 0, 10, 10, 19, 9, 17, 
0, 0, 0, 0, 2, 15, 3, 10, 
Ponits: 
46.0

76.0

50.0

35.5

83.5

140.0

79.5

129.5

Win average time: 
2272.25, -, -, 2546.25, 1957.2857142857142, -, 1652.7, -, 
648.75, 1673.0, 661.0, 697.95, 677.2, -, 657.0, -, 
928.95, -, 1769.0, 932.6, -, -, -, -, 
1765.0, -, -, 2225.0, 1541.6666666666667, -, 1305.5, -, 
432.7, 314.2, 359.75, 593.2, 542.5, 390.0, 524.6, 713.0, 
540.2, 305.1, 301.25, 439.3, 438.125, 410.0, 413.4736842105263, 469.6, 
446.0, 302.8421052631579, 329.5, 438.125, 470.0, 550.0, 375.55555555555554, 453.3333333333333, 
429.75, 326.25, 297.25, 510.0, 423.2352941176471, 473.0, 366.47058823529414, 505.5, 
Tie average time: 
3000.0, -, -, 3000.0, 3000.0, -, 3000.0, -, 
-, -, -, -, -, -, -, -, 
-, -, -, -, -, -, -, -, 
3000.0, -, -, 3000.0, 3000.0, -, 2932.5, -, 
3000.0, -, -, 3000.0, -, -, -, 3000.0, 
-, -, -, -, -, -, -, -, 
3000.0, -, -, 2932.5, -, -, 445.0, -, 
-, -, -, -, 3000.0, -, -, -, 
Lose average time: 
2272.25, 648.75, 928.95, 1765.0, 432.7, 540.2, 446.0, 429.75, 
-, 1673.0, -, -, 314.2, 305.1, 302.8421052631579, 326.25, 
-, 661.0, 1769.0, -, 359.75, 301.25, 329.5, 297.25, 
2546.25, 697.95, 932.6, 2225.0, 593.2, 439.3, 438.125, 510.0, 
1957.2857142857142, 677.2, -, 1541.6666666666667, 542.5, 438.125, 470.0, 423.2352941176471, 
-, -, -, -, 390.0, 410.0, 550.0, 473.0, 
1652.7, 657.0, -, 1305.5, 524.6, 413.4736842105263, 375.55555555555554, 366.47058823529414, 
-, -, -, -, 713.0, 469.6, 453.3333333333333, 505.5, 
