Wins: 
6, 0, 0, 16, 10, 0, 9, 0, 
20, 10, 20, 20, 7, 1, 3, 1, 
20, 0, 10, 20, 1, 0, 0, 0, 
1, 0, 0, 5, 11, 0, 10, 0, 
6, 13, 19, 9, 9, 4, 7, 9, 
20, 19, 20, 20, 14, 10, 17, 9, 
10, 17, 20, 9, 13, 3, 9, 0, 
20, 19, 20, 20, 9, 10, 20, 10, 
Ties: 
8, 0, 0, 3, 4, 0, 1, 0, 
0, 0, 0, 0, 0, 0, 0, 0, 
0, 0, 0, 0, 0, 0, 0, 0, 
3, 0, 0, 10, 0, 0, 1, 0, 
4, 0, 0, 0, 2, 2, 0, 2, 
0, 0, 0, 0, 2, 0, 0, 1, 
1, 0, 0, 1, 0, 0, 2, 0, 
0, 0, 0, 0, 2, 1, 0, 0, 
Loses: 
6, 20, 20, 1, 6, 20, 10, 20, 
0, 10, 0, 0, 13, 19, 17, 19, 
0, 20, 10, 0, 19, 20, 20, 20, 
16, 20, 20, 5, 9, 20, 9, 20, 
10, 7, 1, 11, 9, 14, 13, 9, 
0, 1, 0, 0, 4, 10, 3, 10, 
9, 3, 0, 10, 7, 17, 9, 20, 
0, 1, 0, 0, 9, 9, 0, 10, 
Ponits: 
49.0

82.0

51.0

34.0

81.0

130.5

83.0

129.5

Win average time: 
2067.5, -, -, 2284.4375, 1656.0, -, 1860.5555555555557, -, 
661.2, 1673.0, 661.0, 707.15, 674.2857142857143, 833.0, 699.0, 912.0, 
935.15, -, 1769.0, 942.3, 724.0, -, -, -, 
2810.0, -, -, 2282.8, 1376.3636363636363, -, 1181.5, -, 
392.6666666666667, 340.53846153846155, 320.2105263157895, 582.4444444444445, 667.2222222222222, 458.75, 441.14285714285717, 398.1111111111111, 
485.55, 310.57894736842104, 353.55, 503.15, 430.7142857142857, 459.0, 374.47058823529414, 437.55555555555554, 
397.0, 314.70588235294116, 303.75, 409.44444444444446, 530.3846153846154, 448.3333333333333, 370.55555555555554, -, 
500.25, 327.63157894736844, 317.25, 444.65, 467.77777777777777, 435.5, 369.5, 538.0, 
Tie average time: 
3000.0, -, -, 3000.0, 2553.75, -, 3000.0, -, 
-, -, -, -, -, -, -, -, 
-, -, -, -, -, -, -, -, 
3000.0, -, -, 3000.0, -, -, 3000.0, -, 
2553.75, -, -, -, 1110.0, 480.0, -, 837.5, 
-, -, -, -, 480.0, -, -, 3000.0, 
3000.0, -, -, 3000.0, -, -, 435.0, -, 
-, -, -, -, 837.5, 3000.0, -, -, 
Lose average time: 
2067.5, 661.2, 935.15, 2810.0, 392.6666666666667, 485.55, 397.0, 500.25, 
-, 1673.0, -, -, 340.53846153846155, 310.57894736842104, 314.70588235294116, 327.63157894736844, 
-, 661.0, 1769.0, -, 320.2105263157895, 353.55, 303.75, 317.25, 
2284.4375, 707.15, 942.3, 2282.8, 582.4444444444445, 503.15, 409.44444444444446, 444.65, 
1656.0, 674.2857142857143, 724.0, 1376.3636363636363, 667.2222222222222, 430.7142857142857, 530.3846153846154, 467.77777777777777, 
-, 833.0, -, -, 458.75, 459.0, 448.3333333333333, 435.5, 
1860.5555555555557, 699.0, -, 1181.5, 441.14285714285717, 374.47058823529414, 370.55555555555554, 369.5, 
-, 912.0, -, -, 398.1111111111111, 437.55555555555554, -, 538.0, 
