Wins: 
4, 0, 0, 13, 10, 0, 8, 0, 
20, 10, 20, 20, 6, 0, 4, 1, 
20, 0, 10, 20, 2, 0, 0, 0, 
3, 0, 0, 1, 13, 0, 12, 0, 
9, 14, 18, 6, 10, 9, 9, 7, 
20, 20, 20, 20, 11, 10, 12, 10, 
8, 16, 20, 7, 10, 8, 9, 5, 
20, 19, 20, 20, 13, 10, 15, 10, 
Ties: 
12, 0, 0, 4, 1, 0, 4, 0, 
0, 0, 0, 0, 0, 0, 0, 0, 
0, 0, 0, 0, 0, 0, 0, 0, 
4, 0, 0, 18, 1, 0, 1, 0, 
1, 0, 0, 1, 0, 0, 1, 0, 
0, 0, 0, 0, 0, 0, 0, 0, 
4, 0, 0, 1, 1, 0, 2, 0, 
0, 0, 0, 0, 0, 0, 0, 0, 
Loses: 
4, 20, 20, 3, 9, 20, 8, 20, 
0, 10, 0, 0, 14, 20, 16, 19, 
0, 20, 10, 0, 18, 20, 20, 20, 
13, 20, 20, 1, 6, 20, 7, 20, 
10, 6, 2, 13, 10, 11, 10, 13, 
0, 0, 0, 0, 9, 10, 8, 10, 
8, 4, 0, 12, 9, 12, 9, 15, 
0, 1, 0, 0, 7, 10, 5, 10, 
Ponits: 
45.5

81.0

52.0

41.0

83.5

123.0

87.0

127.0

Win average time: 
2148.75, -, -, 1968.7692307692307, 1760.2, -, 1831.0, -, 
653.0, 1673.0, 661.0, 688.25, 624.0, -, 683.75, 781.0, 
917.95, -, 1769.0, 1013.9, 858.0, -, -, -, 
1896.6666666666667, -, -, 2615.0, 1809.2307692307693, -, 1373.3333333333333, -, 
347.8888888888889, 315.0, 315.8333333333333, 762.3333333333334, 544.0, 473.8888888888889, 492.55555555555554, 425.85714285714283, 
452.75, 309.0, 301.5, 489.55, 593.1818181818181, 438.5, 381.5, 556.1, 
444.375, 312.5, 295.0, 435.7142857142857, 472.0, 483.125, 411.1111111111111, 384.0, 
517.75, 338.7368421052632, 332.75, 515.0, 487.6923076923077, 649.5, 373.0, 441.5, 
Tie average time: 
3000.0, -, -, 3000.0, 3000.0, -, 3000.0, -, 
-, -, -, -, -, -, -, -, 
-, -, -, -, -, -, -, -, 
3000.0, -, -, 3000.0, 3000.0, -, 1750.0, -, 
3000.0, -, -, 3000.0, -, -, 515.0, -, 
-, -, -, -, -, -, -, -, 
3000.0, -, -, 1750.0, 515.0, -, 340.0, -, 
-, -, -, -, -, -, -, -, 
Lose average time: 
2148.75, 653.0, 917.95, 1896.6666666666667, 347.8888888888889, 452.75, 444.375, 517.75, 
-, 1673.0, -, -, 315.0, 309.0, 312.5, 338.7368421052632, 
-, 661.0, 1769.0, -, 315.8333333333333, 301.5, 295.0, 332.75, 
1968.7692307692307, 688.25, 1013.9, 2615.0, 762.3333333333334, 489.55, 435.7142857142857, 515.0, 
1760.2, 624.0, 858.0, 1809.2307692307693, 544.0, 593.1818181818181, 472.0, 487.6923076923077, 
-, -, -, -, 473.8888888888889, 438.5, 483.125, 649.5, 
1831.0, 683.75, -, 1373.3333333333333, 492.55555555555554, 381.5, 411.1111111111111, 373.0, 
-, 781.0, -, -, 425.85714285714283, 556.1, 384.0, 441.5, 
