Wins: 
6, 0, 0, 11, 6, 0, 10, 0, 
20, 10, 20, 20, 5, 0, 4, 0, 
20, 0, 10, 20, 1, 0, 1, 0, 
3, 0, 0, 3, 15, 0, 13, 0, 
10, 15, 19, 4, 9, 4, 10, 0, 
20, 20, 20, 20, 16, 9, 20, 13, 
5, 16, 19, 7, 9, 0, 9, 0, 
20, 20, 20, 20, 20, 7, 20, 10, 
Ties: 
8, 0, 0, 6, 4, 0, 5, 0, 
0, 0, 0, 0, 0, 0, 0, 0, 
0, 0, 0, 0, 0, 0, 0, 0, 
6, 0, 0, 14, 1, 0, 0, 0, 
4, 0, 0, 1, 2, 0, 1, 0, 
0, 0, 0, 0, 0, 2, 0, 0, 
5, 0, 0, 0, 1, 0, 2, 0, 
0, 0, 0, 0, 0, 0, 0, 0, 
Loses: 
6, 20, 20, 3, 10, 20, 5, 20, 
0, 10, 0, 0, 15, 20, 16, 20, 
0, 20, 10, 0, 19, 20, 19, 20, 
11, 20, 20, 3, 4, 20, 7, 20, 
6, 5, 1, 15, 9, 16, 9, 20, 
0, 0, 0, 0, 4, 9, 0, 7, 
10, 4, 1, 13, 10, 20, 9, 20, 
0, 0, 0, 0, 0, 13, 0, 10, 
Ponits: 
44.5

79.0

52.0

44.5

75.0

139.0

69.0

137.0

Win average time: 
2475.1666666666665, -, -, 2396.7272727272725, 1502.5, -, 1767.3, -, 
661.35, 1673.0, 661.0, 738.75, 677.4, -, 864.5, -, 
923.5, -, 1769.0, 1062.4, 868.0, -, 756.0, -, 
1690.0, -, -, 2096.3333333333335, 1703.5333333333333, -, 1270.076923076923, -, 
423.4, 303.6666666666667, 312.94736842105266, 420.75, 580.0, 497.5, 450.0, -, 
437.85, 291.25, 291.25, 455.5, 457.8125, 525.5555555555555, 394.9, 497.9230769230769, 
562.0, 295.9375, 309.2105263157895, 431.42857142857144, 506.6666666666667, -, 382.22222222222223, -, 
415.75, 290.3, 291.25, 428.0, 432.25, 499.2857142857143, 372.75, 448.5, 
Tie average time: 
3000.0, -, -, 3000.0, 3000.0, -, 3000.0, -, 
-, -, -, -, -, -, -, -, 
-, -, -, -, -, -, -, -, 
3000.0, -, -, 3000.0, 3000.0, -, -, -, 
3000.0, -, -, 3000.0, 715.0, -, 485.0, -, 
-, -, -, -, -, 3000.0, -, -, 
3000.0, -, -, -, 485.0, -, 460.0, -, 
-, -, -, -, -, -, -, -, 
Lose average time: 
2475.1666666666665, 661.35, 923.5, 1690.0, 423.4, 437.85, 562.0, 415.75, 
-, 1673.0, -, -, 303.6666666666667, 291.25, 295.9375, 290.3, 
-, 661.0, 1769.0, -, 312.94736842105266, 291.25, 309.2105263157895, 291.25, 
2396.7272727272725, 738.75, 1062.4, 2096.3333333333335, 420.75, 455.5, 431.42857142857144, 428.0, 
1502.5, 677.4, 868.0, 1703.5333333333333, 580.0, 457.8125, 506.6666666666667, 432.25, 
-, -, -, -, 497.5, 525.5555555555555, -, 499.2857142857143, 
1767.3, 864.5, 756.0, 1270.076923076923, 450.0, 394.9, 382.22222222222223, 372.75, 
-, -, -, -, -, 497.9230769230769, -, 448.5, 
