Wins: 
9, 0, 0, 12, 6, 0, 6, 0, 
20, 10, 20, 20, 4, 1, 1, 0, 
20, 0, 10, 20, 2, 0, 1, 0, 
2, 0, 0, 3, 9, 0, 9, 0, 
12, 16, 18, 11, 10, 2, 9, 7, 
20, 19, 20, 20, 16, 10, 17, 10, 
10, 19, 19, 6, 11, 3, 8, 5, 
20, 20, 20, 20, 13, 9, 15, 10, 
Ties: 
2, 0, 0, 6, 2, 0, 4, 0, 
0, 0, 0, 0, 0, 0, 0, 0, 
0, 0, 0, 0, 0, 0, 0, 0, 
6, 0, 0, 14, 0, 0, 5, 0, 
2, 0, 0, 0, 0, 2, 0, 0, 
0, 0, 0, 0, 2, 0, 0, 1, 
4, 0, 0, 5, 0, 0, 4, 0, 
0, 0, 0, 0, 0, 1, 0, 0, 
Loses: 
9, 20, 20, 2, 12, 20, 10, 20, 
0, 10, 0, 0, 16, 19, 19, 20, 
0, 20, 10, 0, 18, 20, 19, 20, 
12, 20, 20, 3, 11, 20, 6, 20, 
6, 4, 2, 9, 10, 16, 11, 13, 
0, 1, 0, 0, 2, 10, 3, 9, 
6, 1, 1, 9, 9, 17, 8, 15, 
0, 0, 0, 0, 7, 10, 5, 10, 
Ponits: 
40.0

76.0

53.0

35.5

87.0

133.5

87.5

127.5

Win average time: 
2003.2222222222222, -, -, 2232.5, 1430.0, -, 1764.5, -, 
639.3, 1673.0, 661.0, 679.25, 677.75, 818.0, 712.0, -, 
929.8, -, 1769.0, 943.95, 682.0, -, 901.0, -, 
1455.0, -, -, 2608.3333333333335, 1500.5555555555557, -, 1322.2222222222222, -, 
385.25, 323.75, 319.77777777777777, 626.0909090909091, 583.5, 545.0, 453.3333333333333, 401.14285714285717, 
537.95, 358.57894736842104, 328.8, 500.65, 529.375, 390.0, 448.2352941176471, 465.1, 
499.5, 315.2631578947368, 308.94736842105266, 492.5, 549.5454545454545, 435.0, 385.625, 467.0, 
563.25, 305.75, 319.25, 490.25, 505.0, 510.55555555555554, 372.6666666666667, 438.5, 
Tie average time: 
3000.0, -, -, 3000.0, 3000.0, -, 3000.0, -, 
-, -, -, -, -, -, -, -, 
-, -, -, -, -, -, -, -, 
3000.0, -, -, 3000.0, -, -, 2294.0, -, 
3000.0, -, -, -, -, 540.0, -, -, 
-, -, -, -, 540.0, -, -, 3000.0, 
3000.0, -, -, 2294.0, -, -, 460.0, -, 
-, -, -, -, -, 3000.0, -, -, 
Lose average time: 
2003.2222222222222, 639.3, 929.8, 1455.0, 385.25, 537.95, 499.5, 563.25, 
-, 1673.0, -, -, 323.75, 358.57894736842104, 315.2631578947368, 305.75, 
-, 661.0, 1769.0, -, 319.77777777777777, 328.8, 308.94736842105266, 319.25, 
2232.5, 679.25, 943.95, 2608.3333333333335, 626.0909090909091, 500.65, 492.5, 490.25, 
1430.0, 677.75, 682.0, 1500.5555555555557, 583.5, 529.375, 549.5454545454545, 505.0, 
-, 818.0, -, -, 545.0, 390.0, 435.0, 510.55555555555554, 
1764.5, 712.0, 901.0, 1322.2222222222222, 453.3333333333333, 448.2352941176471, 385.625, 372.6666666666667, 
-, -, -, -, 401.14285714285717, 465.1, 467.0, 438.5, 
