Wins: 
6, 0, 0, 10, 7, 0, 7, 0, 
20, 10, 20, 20, 5, 0, 2, 2, 
20, 0, 10, 20, 0, 0, 0, 0, 
1, 0, 0, 2, 11, 0, 7, 0, 
10, 15, 20, 9, 10, 4, 10, 6, 
20, 20, 20, 20, 16, 10, 16, 10, 
11, 18, 20, 10, 10, 4, 10, 8, 
20, 18, 20, 20, 14, 10, 12, 10, 
Ties: 
8, 0, 0, 9, 3, 0, 2, 0, 
0, 0, 0, 0, 0, 0, 0, 0, 
0, 0, 0, 0, 0, 0, 0, 0, 
9, 0, 0, 16, 0, 0, 3, 0, 
3, 0, 0, 0, 0, 0, 0, 0, 
0, 0, 0, 0, 0, 0, 0, 0, 
2, 0, 0, 3, 0, 0, 0, 0, 
0, 0, 0, 0, 0, 0, 0, 0, 
Loses: 
6, 20, 20, 1, 10, 20, 11, 20, 
0, 10, 0, 0, 15, 20, 18, 18, 
0, 20, 10, 0, 20, 20, 20, 20, 
10, 20, 20, 2, 9, 20, 10, 20, 
7, 5, 0, 11, 10, 16, 10, 14, 
0, 0, 0, 0, 4, 10, 4, 10, 
7, 2, 0, 7, 10, 16, 10, 12, 
0, 2, 0, 0, 6, 10, 8, 10, 
Ponits: 
41.0

79.0

50.0

35.0

85.5

132.0

93.5

124.0

Win average time: 
2119.3333333333335, -, -, 2211.8, 1683.142857142857, -, 1730.857142857143, -, 
677.1, 1673.0, 661.0, 676.2, 671.0, -, 692.5, 968.0, 
933.7, -, 1769.0, 922.05, -, -, -, -, 
1770.0, -, -, 2310.0, 1297.5454545454545, -, 1970.0, -, 
403.3, 312.06666666666666, 356.3, 772.4444444444445, 613.5, 430.0, 549.5, 404.3333333333333, 
542.9, 310.8, 328.9, 511.15, 493.625, 509.0, 417.3125, 432.6, 
331.3636363636364, 307.77777777777777, 315.0, 490.0, 526.5, 691.25, 367.5, 722.5, 
536.75, 322.77777777777777, 300.5, 530.75, 515.7142857142857, 400.0, 375.4166666666667, 549.5, 
Tie average time: 
3000.0, -, -, 3000.0, 3000.0, -, 3000.0, -, 
-, -, -, -, -, -, -, -, 
-, -, -, -, -, -, -, -, 
3000.0, -, -, 3000.0, -, -, 2665.0, -, 
3000.0, -, -, -, -, -, -, -, 
-, -, -, -, -, -, -, -, 
3000.0, -, -, 2665.0, -, -, -, -, 
-, -, -, -, -, -, -, -, 
Lose average time: 
2119.3333333333335, 677.1, 933.7, 1770.0, 403.3, 542.9, 331.3636363636364, 536.75, 
-, 1673.0, -, -, 312.06666666666666, 310.8, 307.77777777777777, 322.77777777777777, 
-, 661.0, 1769.0, -, 356.3, 328.9, 315.0, 300.5, 
2211.8, 676.2, 922.05, 2310.0, 772.4444444444445, 511.15, 490.0, 530.75, 
1683.142857142857, 671.0, -, 1297.5454545454545, 613.5, 493.625, 526.5, 515.7142857142857, 
-, -, -, -, 430.0, 509.0, 691.25, 400.0, 
1730.857142857143, 692.5, -, 1970.0, 549.5, 417.3125, 367.5, 375.4166666666667, 
-, 968.0, -, -, 404.3333333333333, 432.6, 722.5, 549.5, 
