Wins: 
4, 0, 0, 12, 8, 0, 7, 0, 
20, 10, 20, 20, 3, 0, 2, 0, 
20, 0, 10, 20, 1, 0, 0, 0, 
1, 0, 0, 1, 9, 0, 8, 0, 
9, 17, 19, 11, 10, 2, 12, 1, 
20, 20, 20, 20, 18, 10, 19, 13, 
12, 18, 20, 11, 7, 0, 10, 1, 
20, 20, 20, 20, 19, 6, 19, 10, 
Ties: 
12, 0, 0, 7, 3, 0, 1, 0, 
0, 0, 0, 0, 0, 0, 0, 0, 
0, 0, 0, 0, 0, 0, 0, 0, 
7, 0, 0, 18, 0, 0, 1, 0, 
3, 0, 0, 0, 0, 0, 1, 0, 
0, 0, 0, 0, 0, 0, 1, 1, 
1, 0, 0, 1, 1, 1, 0, 0, 
0, 0, 0, 0, 0, 1, 0, 0, 
Loses: 
4, 20, 20, 1, 9, 20, 12, 20, 
0, 10, 0, 0, 17, 20, 18, 20, 
0, 20, 10, 0, 19, 20, 20, 20, 
12, 20, 20, 1, 11, 20, 11, 20, 
8, 3, 1, 9, 10, 18, 7, 19, 
0, 0, 0, 0, 2, 10, 0, 6, 
7, 2, 0, 8, 12, 19, 10, 19, 
0, 0, 0, 0, 1, 13, 1, 10, 
Ponits: 
42.5

75.0

51.0

32.0

83.0

141.0

81.0

134.5

Win average time: 
1906.25, -, -, 2375.4166666666665, 2012.75, -, 1856.4285714285713, -, 
625.95, 1673.0, 661.0, 698.05, 624.0, -, 689.0, -, 
899.75, -, 1769.0, 959.05, 770.0, -, -, -, 
1385.0, -, -, 2600.0, 1385.5555555555557, -, 1458.75, -, 
472.55555555555554, 315.8235294117647, 334.4736842105263, 690.8181818181819, 510.5, 642.5, 506.5, 605.0, 
556.5, 317.8, 297.55, 472.2, 439.44444444444446, 424.0, 373.2631578947368, 470.15384615384613, 
404.5833333333333, 310.55555555555554, 318.0, 477.27272727272725, 610.0, -, 379.5, 335.0, 
418.0, 287.5, 310.7, 481.75, 437.36842105263156, 472.5, 370.7894736842105, 440.0, 
Tie average time: 
3000.0, -, -, 3000.0, 3000.0, -, 3000.0, -, 
-, -, -, -, -, -, -, -, 
-, -, -, -, -, -, -, -, 
3000.0, -, -, 3000.0, -, -, 3000.0, -, 
3000.0, -, -, -, -, -, 490.0, -, 
-, -, -, -, -, -, 705.0, 3000.0, 
3000.0, -, -, 3000.0, 490.0, 705.0, -, -, 
-, -, -, -, -, 3000.0, -, -, 
Lose average time: 
1906.25, 625.95, 899.75, 1385.0, 472.55555555555554, 556.5, 404.5833333333333, 418.0, 
-, 1673.0, -, -, 315.8235294117647, 317.8, 310.55555555555554, 287.5, 
-, 661.0, 1769.0, -, 334.4736842105263, 297.55, 318.0, 310.7, 
2375.4166666666665, 698.05, 959.05, 2600.0, 690.8181818181819, 472.2, 477.27272727272725, 481.75, 
2012.75, 624.0, 770.0, 1385.5555555555557, 510.5, 439.44444444444446, 610.0, 437.36842105263156, 
-, -, -, -, 642.5, 424.0, -, 472.5, 
1856.4285714285713, 689.0, -, 1458.75, 506.5, 373.2631578947368, 379.5, 370.7894736842105, 
-, -, -, -, 605.0, 470.15384615384613, 335.0, 440.0, 
