Wins: 
4, 0, 0, 4, 10, 0, 6, 0, 
20, 10, 20, 20, 2, 0, 1, 0, 
20, 0, 10, 20, 0, 0, 0, 0, 
7, 0, 0, 6, 14, 0, 9, 0, 
6, 18, 20, 6, 9, 3, 8, 0, 
20, 20, 20, 20, 17, 10, 20, 11, 
10, 19, 20, 10, 11, 0, 10, 0, 
20, 20, 20, 20, 19, 8, 20, 10, 
Ties: 
12, 0, 0, 9, 4, 0, 4, 0, 
0, 0, 0, 0, 0, 0, 0, 0, 
0, 0, 0, 0, 0, 0, 0, 0, 
9, 0, 0, 8, 0, 0, 1, 0, 
4, 0, 0, 0, 2, 0, 1, 1, 
0, 0, 0, 0, 0, 0, 0, 1, 
4, 0, 0, 1, 1, 0, 0, 0, 
0, 0, 0, 0, 1, 1, 0, 0, 
Loses: 
4, 20, 20, 7, 6, 20, 10, 20, 
0, 10, 0, 0, 18, 20, 19, 20, 
0, 20, 10, 0, 20, 20, 20, 20, 
4, 20, 20, 6, 6, 20, 10, 20, 
10, 2, 0, 14, 9, 17, 11, 19, 
0, 0, 0, 0, 3, 10, 0, 8, 
6, 1, 0, 9, 8, 20, 10, 20, 
0, 0, 0, 0, 0, 11, 0, 10, 
Ponits: 
38.5

73.0

50.0

45.0

74.0

138.5

83.0

138.0

Win average time: 
2317.5, -, -, 2657.5, 1596.5, -, 1982.5, -, 
668.5, 1673.0, 661.0, 723.2, 654.0, -, 582.0, -, 
890.65, -, 1769.0, 1100.8, -, -, -, -, 
2072.714285714286, -, -, 2342.0, 1510.142857142857, -, 1659.3333333333333, -, 
375.0, 321.8888888888889, 307.75, 359.5, 510.55555555555554, 431.6666666666667, 483.0, -, 
368.9, 282.5, 280.25, 444.15, 441.47058823529414, 521.0, 405.35, 522.8181818181819, 
345.5, 288.94736842105266, 329.5, 440.0, 530.4545454545455, -, 422.5, -, 
442.75, 282.5, 285.75, 541.75, 467.89473684210526, 648.125, 375.25, 442.5, 
Tie average time: 
3000.0, -, -, 3000.0, 3000.0, -, 3000.0, -, 
-, -, -, -, -, -, -, -, 
-, -, -, -, -, -, -, -, 
3000.0, -, -, 2715.0, -, -, 3000.0, -, 
3000.0, -, -, -, 645.0, -, 445.0, 460.0, 
-, -, -, -, -, -, -, 3000.0, 
3000.0, -, -, 3000.0, 445.0, -, -, -, 
-, -, -, -, 460.0, 3000.0, -, -, 
Lose average time: 
2317.5, 668.5, 890.65, 2072.714285714286, 375.0, 368.9, 345.5, 442.75, 
-, 1673.0, -, -, 321.8888888888889, 282.5, 288.94736842105266, 282.5, 
-, 661.0, 1769.0, -, 307.75, 280.25, 329.5, 285.75, 
2657.5, 723.2, 1100.8, 2342.0, 359.5, 444.15, 440.0, 541.75, 
1596.5, 654.0, -, 1510.142857142857, 510.55555555555554, 441.47058823529414, 530.4545454545455, 467.89473684210526, 
-, -, -, -, 431.6666666666667, 521.0, -, 648.125, 
1982.5, 582.0, -, 1659.3333333333333, 483.0, 405.35, 422.5, 375.25, 
-, -, -, -, -, 522.8181818181819, -, 442.5, 
