Wins: 
5, 0, 0, 16, 8, 0, 7, 0, 
20, 10, 20, 20, 6, 0, 1, 0, 
20, 0, 10, 20, 1, 0, 1, 0, 
1, 0, 0, 2, 8, 0, 9, 0, 
8, 14, 19, 12, 10, 3, 7, 3, 
20, 20, 20, 20, 16, 10, 19, 10, 
9, 19, 19, 10, 13, 1, 7, 6, 
20, 20, 20, 20, 17, 9, 14, 10, 
Ties: 
10, 0, 0, 3, 4, 0, 4, 0, 
0, 0, 0, 0, 0, 0, 0, 0, 
0, 0, 0, 0, 0, 0, 0, 0, 
3, 0, 0, 16, 0, 0, 1, 0, 
4, 0, 0, 0, 0, 1, 0, 0, 
0, 0, 0, 0, 1, 0, 0, 1, 
4, 0, 0, 1, 0, 0, 6, 0, 
0, 0, 0, 0, 0, 1, 0, 0, 
Loses: 
5, 20, 20, 1, 8, 20, 9, 20, 
0, 10, 0, 0, 14, 20, 19, 20, 
0, 20, 10, 0, 19, 20, 19, 20, 
16, 20, 20, 2, 12, 20, 10, 20, 
8, 6, 1, 8, 10, 16, 13, 17, 
0, 0, 0, 0, 3, 10, 1, 9, 
7, 1, 1, 9, 7, 19, 7, 14, 
0, 0, 0, 0, 3, 10, 6, 10, 
Ponits: 
46.5

77.0

52.0

30.0

78.5

136.0

89.5

130.5

Win average time: 
2037.0, -, -, 2332.3125, 1798.0, -, 1689.857142857143, -, 
651.5, 1673.0, 661.0, 705.95, 679.5, -, 786.0, -, 
926.05, -, 1769.0, 962.8, 799.0, -, 689.0, -, 
1620.0, -, -, 2387.5, 1435.625, -, 1318.3333333333333, -, 
438.875, 310.57142857142856, 346.36842105263156, 561.9166666666666, 542.0, 556.6666666666666, 488.2857142857143, 367.0, 
489.75, 296.25, 305.75, 525.55, 465.625, 434.0, 409.36842105263156, 431.1, 
422.77777777777777, 318.6842105263158, 316.3157894736842, 761.5, 479.2307692307692, 445.0, 386.42857142857144, 444.1666666666667, 
499.0, 383.25, 327.0, 528.75, 377.94117647058823, 497.77777777777777, 419.85714285714283, 400.5, 
Tie average time: 
3000.0, -, -, 3000.0, 3000.0, -, 3000.0, -, 
-, -, -, -, -, -, -, -, 
-, -, -, -, -, -, -, -, 
3000.0, -, -, 3000.0, -, -, 3000.0, -, 
3000.0, -, -, -, -, 560.0, -, -, 
-, -, -, -, 560.0, -, -, 3000.0, 
3000.0, -, -, 3000.0, -, -, 500.0, -, 
-, -, -, -, -, 3000.0, -, -, 
Lose average time: 
2037.0, 651.5, 926.05, 1620.0, 438.875, 489.75, 422.77777777777777, 499.0, 
-, 1673.0, -, -, 310.57142857142856, 296.25, 318.6842105263158, 383.25, 
-, 661.0, 1769.0, -, 346.36842105263156, 305.75, 316.3157894736842, 327.0, 
2332.3125, 705.95, 962.8, 2387.5, 561.9166666666666, 525.55, 761.5, 528.75, 
1798.0, 679.5, 799.0, 1435.625, 542.0, 465.625, 479.2307692307692, 377.94117647058823, 
-, -, -, -, 556.6666666666666, 434.0, 445.0, 497.77777777777777, 
1689.857142857143, 786.0, 689.0, 1318.3333333333333, 488.2857142857143, 409.36842105263156, 386.42857142857144, 419.85714285714283, 
-, -, -, -, 367.0, 431.1, 444.1666666666667, 400.5, 
