Wins: 
3, 0, 0, 15, 8, 0, 7, 0, 
20, 10, 20, 20, 11, 1, 4, 0, 
20, 0, 10, 20, 1, 0, 0, 0, 
1, 0, 0, 2, 10, 0, 7, 0, 
10, 9, 19, 10, 9, 4, 9, 8, 
20, 19, 20, 20, 16, 10, 15, 15, 
10, 16, 20, 12, 11, 5, 8, 6, 
20, 20, 20, 20, 12, 5, 14, 10, 
Ties: 
14, 0, 0, 4, 2, 0, 3, 0, 
0, 0, 0, 0, 0, 0, 0, 0, 
0, 0, 0, 0, 0, 0, 0, 0, 
4, 0, 0, 16, 0, 0, 1, 0, 
2, 0, 0, 0, 2, 0, 0, 0, 
0, 0, 0, 0, 0, 0, 0, 0, 
3, 0, 0, 1, 0, 0, 4, 0, 
0, 0, 0, 0, 0, 0, 0, 0, 
Loses: 
3, 20, 20, 1, 10, 20, 10, 20, 
0, 10, 0, 0, 9, 19, 16, 20, 
0, 20, 10, 0, 19, 20, 20, 20, 
15, 20, 20, 2, 10, 20, 12, 20, 
8, 11, 1, 10, 9, 16, 11, 12, 
0, 1, 0, 0, 4, 10, 5, 5, 
7, 4, 0, 7, 9, 15, 8, 14, 
0, 0, 0, 0, 8, 15, 6, 10, 
Ponits: 
44.5

86.0

51.0

30.5

80.0

135.0

92.0

121.0

Win average time: 
2268.3333333333335, -, -, 2029.4666666666667, 1723.125, -, 1878.5714285714287, -, 
654.0, 1673.0, 661.0, 682.55, 694.8181818181819, 579.0, 789.75, -, 
871.2, -, 1769.0, 963.6, 743.0, -, -, -, 
1350.0, -, -, 2632.5, 1562.0, -, 1507.857142857143, -, 
328.3, 304.0, 317.63157894736844, 525.5, 549.4444444444445, 530.0, 547.8888888888889, 485.375, 
509.2, 348.6842105263158, 308.8, 556.9, 513.4375, 508.0, 462.6, 491.1333333333333, 
415.5, 289.375, 315.0, 732.5, 515.0, 498.0, 363.125, 360.0, 
605.75, 351.9, 316.5, 481.75, 446.75, 643.0, 379.2857142857143, 459.0, 
Tie average time: 
3000.0, -, -, 3000.0, 3000.0, -, 3000.0, -, 
-, -, -, -, -, -, -, -, 
-, -, -, -, -, -, -, -, 
3000.0, -, -, 3000.0, -, -, 3000.0, -, 
3000.0, -, -, -, 3000.0, -, -, -, 
-, -, -, -, -, -, -, -, 
3000.0, -, -, 3000.0, -, -, 520.0, -, 
-, -, -, -, -, -, -, -, 
Lose average time: 
2268.3333333333335, 654.0, 871.2, 1350.0, 328.3, 509.2, 415.5, 605.75, 
-, 1673.0, -, -, 304.0, 348.6842105263158, 289.375, 351.9, 
-, 661.0, 1769.0, -, 317.63157894736844, 308.8, 315.0, 316.5, 
2029.4666666666667, 682.55, 963.6, 2632.5, 525.5, 556.9, 732.5, 481.75, 
1723.125, 694.8181818181819, 743.0, 1562.0, 549.4444444444445, 513.4375, 515.0, 446.75, 
-, 579.0, -, -, 530.0, 508.0, 498.0, 643.0, 
1878.5714285714287, 789.75, -, 1507.857142857143, 547.8888888888889, 462.6, 363.125, 379.2857142857143, 
-, -, -, -, 485.375, 491.1333333333333, 360.0, 459.0, 
