Wins: 
7, 0, 0, 12, 11, 0, 8, 0, 
20, 10, 20, 20, 8, 0, 0, 0, 
20, 0, 10, 20, 0, 0, 0, 0, 
4, 0, 0, 0, 12, 0, 7, 0, 
7, 12, 20, 8, 10, 1, 10, 5, 
20, 20, 20, 20, 19, 10, 15, 12, 
11, 20, 20, 10, 9, 5, 7, 3, 
20, 20, 20, 20, 15, 8, 17, 9, 
Ties: 
6, 0, 0, 4, 2, 0, 1, 0, 
0, 0, 0, 0, 0, 0, 0, 0, 
0, 0, 0, 0, 0, 0, 0, 0, 
4, 0, 0, 20, 0, 0, 3, 0, 
2, 0, 0, 0, 0, 0, 1, 0, 
0, 0, 0, 0, 0, 0, 0, 0, 
1, 0, 0, 3, 1, 0, 6, 0, 
0, 0, 0, 0, 0, 0, 0, 2, 
Loses: 
7, 20, 20, 4, 7, 20, 11, 20, 
0, 10, 0, 0, 12, 20, 20, 20, 
0, 20, 10, 0, 20, 20, 20, 20, 
12, 20, 20, 0, 8, 20, 10, 20, 
11, 8, 0, 12, 10, 19, 9, 15, 
0, 0, 0, 0, 1, 10, 5, 8, 
8, 0, 0, 7, 10, 15, 7, 17, 
0, 0, 0, 0, 5, 12, 3, 9, 
Ponits: 
44.5

78.0

50.0

36.5

74.5

136.0

90.5

130.0

Win average time: 
2315.285714285714, -, -, 2150.5833333333335, 1530.7272727272727, -, 1876.625, -, 
646.1, 1673.0, 661.0, 703.2, 694.875, -, -, -, 
908.8, -, 1769.0, 972.45, -, -, -, -, 
1673.75, -, -, -, 1447.9166666666667, -, 1347.142857142857, -, 
542.5714285714286, 309.5833333333333, 340.35, 922.5, 600.5, 1795.0, 507.0, 456.4, 
497.6, 296.05, 305.3, 469.75, 463.1578947368421, 428.0, 370.26666666666665, 437.4166666666667, 
395.45454545454544, 304.25, 304.75, 496.0, 648.3333333333334, 410.0, 371.42857142857144, 436.6666666666667, 
495.5, 319.25, 306.0, 491.75, 393.3333333333333, 466.25, 347.6470588235294, 440.55555555555554, 
Tie average time: 
3000.0, -, -, 3000.0, 3000.0, -, 3000.0, -, 
-, -, -, -, -, -, -, -, 
-, -, -, -, -, -, -, -, 
3000.0, -, -, 3000.0, -, -, 3000.0, -, 
3000.0, -, -, -, -, -, 495.0, -, 
-, -, -, -, -, -, -, -, 
3000.0, -, -, 3000.0, 495.0, -, 488.3333333333333, -, 
-, -, -, -, -, -, -, 3000.0, 
Lose average time: 
2315.285714285714, 646.1, 908.8, 1673.75, 542.5714285714286, 497.6, 395.45454545454544, 495.5, 
-, 1673.0, -, -, 309.5833333333333, 296.05, 304.25, 319.25, 
-, 661.0, 1769.0, -, 340.35, 305.3, 304.75, 306.0, 
2150.5833333333335, 703.2, 972.45, -, 922.5, 469.75, 496.0, 491.75, 
1530.7272727272727, 694.875, -, 1447.9166666666667, 600.5, 463.1578947368421, 648.3333333333334, 393.3333333333333, 
-, -, -, -, 1795.0, 428.0, 410.0, 466.25, 
1876.625, -, -, 1347.142857142857, 507.0, 370.26666666666665, 371.42857142857144, 347.6470588235294, 
-, -, -, -, 456.4, 437.4166666666667, 436.6666666666667, 440.55555555555554, 
