Wins: 
4, 0, 0, 6, 9, 0, 6, 0, 
20, 10, 20, 20, 4, 0, 3, 0, 
20, 0, 10, 20, 1, 0, 1, 0, 
7, 0, 0, 5, 14, 0, 17, 0, 
8, 16, 19, 6, 10, 2, 7, 3, 
20, 20, 20, 20, 16, 10, 19, 9, 
12, 17, 19, 3, 13, 1, 10, 0, 
20, 20, 20, 20, 15, 11, 20, 10, 
Ties: 
12, 0, 0, 7, 3, 0, 2, 0, 
0, 0, 0, 0, 0, 0, 0, 0, 
0, 0, 0, 0, 0, 0, 0, 0, 
7, 0, 0, 10, 0, 0, 0, 0, 
3, 0, 0, 0, 0, 2, 0, 2, 
0, 0, 0, 0, 2, 0, 0, 0, 
2, 0, 0, 0, 0, 0, 0, 0, 
0, 0, 0, 0, 2, 0, 0, 0, 
Loses: 
4, 20, 20, 7, 8, 20, 12, 20, 
0, 10, 0, 0, 16, 20, 17, 20, 
0, 20, 10, 0, 19, 20, 19, 20, 
6, 20, 20, 5, 6, 20, 3, 20, 
9, 4, 1, 14, 10, 16, 13, 15, 
0, 0, 0, 0, 2, 10, 1, 11, 
6, 3, 1, 17, 7, 19, 10, 20, 
0, 0, 0, 0, 3, 9, 0, 10, 
Ponits: 
37.0

77.0

52.0

51.5

74.5

135.0

76.0

137.0

Win average time: 
2512.5, -, -, 2239.5, 1973.5555555555557, -, 1698.5, -, 
649.35, 1673.0, 661.0, 724.95, 697.0, -, 663.3333333333334, -, 
896.6, -, 1769.0, 1101.55, 863.0, -, 742.0, -, 
1621.5714285714287, -, -, 2424.2, 1437.857142857143, -, 1488.7058823529412, -, 
396.5, 322.5, 319.5263157894737, 488.0, 549.0, 472.5, 604.7142857142857, 450.6666666666667, 
367.4, 284.25, 285.0, 422.35, 440.625, 464.0, 377.7368421052632, 390.6666666666667, 
398.3333333333333, 311.0, 310.7894736842105, 385.0, 512.3076923076923, 745.0, 398.0, -, 
423.75, 297.6, 282.0, 468.75, 516.3333333333334, 646.8181818181819, 360.0, 407.0, 
Tie average time: 
3000.0, -, -, 3000.0, 3000.0, -, 3000.0, -, 
-, -, -, -, -, -, -, -, 
-, -, -, -, -, -, -, -, 
3000.0, -, -, 3000.0, -, -, -, -, 
3000.0, -, -, -, -, 1365.0, -, 1297.5, 
-, -, -, -, 1365.0, -, -, -, 
3000.0, -, -, -, -, -, -, -, 
-, -, -, -, 1297.5, -, -, -, 
Lose average time: 
2512.5, 649.35, 896.6, 1621.5714285714287, 396.5, 367.4, 398.3333333333333, 423.75, 
-, 1673.0, -, -, 322.5, 284.25, 311.0, 297.6, 
-, 661.0, 1769.0, -, 319.5263157894737, 285.0, 310.7894736842105, 282.0, 
2239.5, 724.95, 1101.55, 2424.2, 488.0, 422.35, 385.0, 468.75, 
1973.5555555555557, 697.0, 863.0, 1437.857142857143, 549.0, 440.625, 512.3076923076923, 516.3333333333334, 
-, -, -, -, 472.5, 464.0, 745.0, 646.8181818181819, 
1698.5, 663.3333333333334, 742.0, 1488.7058823529412, 604.7142857142857, 377.7368421052632, 398.0, 360.0, 
-, -, -, -, 450.6666666666667, 390.6666666666667, -, 407.0, 
