Wins: 
10, 21, 
13, 15, 
Ties: 
20, 6, 
6, 10, 
Loses: 
10, 13, 
21, 15, 
Ponits: 
44.0

36.0

averrate: 
0.0, 0.0, 
0.0, 0.0, 
repair: 
0.0, 0.0, 
0.0, 0.0, 
averplantime: 
68.09135, 44.84788, 
62.852764, 230.35515, 
nodenum: 
186737.07915485016, 197812.62451851953, 
188829.91367339785, 4203999.260213518, 
save: 
0, 0, 
0, 0, 
total: 
3920, 2611, 
3402, 67089, 
Win average time: 
383.5, 417.6190476190476, 
377.3076923076923, 423.0, 
Tie average time: 
2219.5, 2033.3333333333333, 
2033.3333333333333, 2571.0, 
Lose average time: 
383.5, 377.3076923076923, 
417.6190476190476, 423.0, 
