Wins: 
30, 41, 
32, 38, 
Ties: 
40, 27, 
27, 24, 
Loses: 
30, 32, 
41, 38, 
Ponits: 
104.5

95.5

averrate: 
0.0, 0.0, 
0.0, 0.0, 
repair: 
0.0, 0.0, 
0.0, 0.0, 
averplantime: 
122.82495, 211.3338, 
193.61046, 3008.6042, 
nodenum: 
463529.31114221655, 728796.6472503779, 
688546.8119075907, 2.9143913929215237E7, 
save: 
0, 0, 
0, 0, 
total: 
7493, 11708, 
12052, 658072, 
Win average time: 
404.5, 422.1951219512195, 
391.25, 412.2368421052632, 
Tie average time: 
2407.5, 1951.2962962962963, 
1951.2962962962963, 2377.0833333333335, 
Lose average time: 
404.5, 391.25, 
422.1951219512195, 412.2368421052632, 
