Wins: 
68, 82, 
82, 83, 
Ties: 
64, 36, 
36, 34, 
Loses: 
68, 82, 
82, 83, 
Ponits: 
200.0

200.0

averrate: 
0.0, 0.0, 
0.0, 0.0, 
repair: 
0.0, 0.0, 
0.0, 0.0, 
averplantime: 
266.10477, 1590.3777, 
1390.7577, 2366.861, 
nodenum: 
857629.5274039016, 1.0827972085553529E7, 
1.0974859423834303E7, 1.4118055117689796E7, 
save: 
0, 0, 
0, 0, 
total: 
15186, 248272, 
234127, 300524, 
Win average time: 
425.88235294117646, 379.8780487804878, 
363.719512195122, 416.2048192771084, 
Tie average time: 
1929.6875, 2173.1944444444443, 
2173.1944444444443, 2196.470588235294, 
Lose average time: 
425.88235294117646, 363.719512195122, 
379.8780487804878, 416.2048192771084, 
