Wins: 
10, 2, 6, 5, 12, 0, 7, 0, 
18, 10, 20, 10, 0, 0, 0, 0, 
14, 0, 10, 6, 0, 0, 0, 0, 
15, 10, 14, 10, 18, 0, 10, 1, 
8, 20, 20, 2, 9, 0, 6, 1, 
20, 20, 20, 20, 20, 10, 20, 12, 
13, 20, 20, 10, 14, 0, 9, 2, 
20, 20, 20, 19, 18, 7, 18, 10, 
Ties: 
0, 0, 0, 0, 0, 0, 0, 0, 
0, 0, 0, 0, 0, 0, 0, 0, 
0, 0, 0, 0, 0, 0, 0, 0, 
0, 0, 0, 0, 0, 0, 0, 0, 
0, 0, 0, 0, 2, 0, 0, 1, 
0, 0, 0, 0, 0, 0, 0, 1, 
0, 0, 0, 0, 0, 0, 2, 0, 
0, 0, 0, 0, 1, 1, 0, 0, 
Loses: 
10, 18, 14, 15, 8, 20, 13, 20, 
2, 10, 0, 10, 20, 20, 20, 20, 
6, 20, 10, 14, 20, 20, 20, 20, 
5, 10, 6, 10, 2, 20, 10, 19, 
12, 0, 0, 18, 9, 20, 14, 18, 
0, 0, 0, 0, 0, 10, 0, 7, 
7, 0, 0, 10, 6, 20, 9, 18, 
0, 0, 0, 1, 1, 12, 2, 10, 
Ponits: 
42.0

58.0

30.0

78.0

67.5

142.5

89.0

133.0

Win average time: 
1545.5, 412.5, 816.6666666666666, 1409.0, 920.4166666666666, -, 930.7142857142857, -, 
659.3888888888889, 1179.0, 739.0, 764.0, -, -, -, -, 
752.1428571428571, -, 1177.0, 1127.6666666666667, -, -, -, -, 
1307.3333333333333, 411.5, 527.1428571428571, 1585.0, 699.1666666666666, -, 592.0, 720.0, 
357.375, 240.0, 239.5, 382.5, 416.1111111111111, -, 349.1666666666667, 630.0, 
371.7, 202.75, 212.0, 402.6, 316.0, 658.0, 333.55, 485.6666666666667, 
435.0, 197.0, 191.0, 682.5, 357.85714285714283, -, 281.6666666666667, 357.5, 
350.75, 205.5, 209.5, 379.2105263157895, 338.8888888888889, 442.14285714285717, 296.1111111111111, 401.5, 
Tie average time: 
-, -, -, -, -, -, -, -, 
-, -, -, -, -, -, -, -, 
-, -, -, -, -, -, -, -, 
-, -, -, -, -, -, -, -, 
-, -, -, -, 485.0, -, -, 3000.0, 
-, -, -, -, -, -, -, 3000.0, 
-, -, -, -, -, -, 675.0, -, 
-, -, -, -, 3000.0, 3000.0, -, -, 
Lose average time: 
1545.5, 659.3888888888889, 752.1428571428571, 1307.3333333333333, 357.375, 371.7, 435.0, 350.75, 
412.5, 1179.0, -, 411.5, 240.0, 202.75, 197.0, 205.5, 
816.6666666666666, 739.0, 1177.0, 527.1428571428571, 239.5, 212.0, 191.0, 209.5, 
1409.0, 764.0, 1127.6666666666667, 1585.0, 382.5, 402.6, 682.5, 379.2105263157895, 
920.4166666666666, -, -, 699.1666666666666, 416.1111111111111, 316.0, 357.85714285714283, 338.8888888888889, 
-, -, -, -, -, 658.0, -, 442.14285714285717, 
930.7142857142857, -, -, 592.0, 349.1666666666667, 333.55, 281.6666666666667, 296.1111111111111, 
-, -, -, 720.0, 630.0, 485.6666666666667, 357.5, 401.5, 
