Wins: 
9, 3, 3, 8, 16, 0, 7, 0, 
17, 10, 20, 7, 0, 0, 0, 0, 
17, 0, 10, 8, 0, 0, 0, 0, 
11, 13, 12, 9, 15, 2, 8, 0, 
4, 20, 20, 5, 10, 0, 4, 0, 
20, 20, 20, 18, 18, 9, 19, 10, 
11, 20, 20, 10, 16, 1, 9, 4, 
20, 20, 20, 20, 20, 6, 16, 10, 
Ties: 
2, 0, 0, 1, 0, 0, 2, 0, 
0, 0, 0, 0, 0, 0, 0, 0, 
0, 0, 0, 0, 0, 0, 0, 0, 
1, 0, 0, 2, 0, 0, 2, 0, 
0, 0, 0, 0, 0, 2, 0, 0, 
0, 0, 0, 0, 2, 2, 0, 4, 
2, 0, 0, 2, 0, 0, 2, 0, 
0, 0, 0, 0, 0, 4, 0, 0, 
Loses: 
9, 17, 17, 11, 4, 20, 11, 20, 
3, 10, 0, 13, 20, 20, 20, 20, 
3, 20, 10, 12, 20, 20, 20, 20, 
8, 7, 8, 9, 5, 18, 10, 20, 
16, 0, 0, 15, 10, 18, 16, 20, 
0, 0, 0, 2, 0, 9, 1, 6, 
7, 0, 0, 8, 4, 19, 9, 16, 
0, 0, 0, 0, 0, 10, 4, 10, 
Ponits: 
48.5

54.0

35.0

72.5

64.0

138.0

94.0

134.0

Win average time: 
1550.0, 586.6666666666666, 756.6666666666666, 1587.5, 920.0, -, 952.1428571428571, -, 
659.0588235294117, 1179.0, 739.0, 715.0, -, -, -, -, 
758.2352941176471, -, 1177.0, 902.75, -, -, -, -, 
1160.0, 470.0, 542.5, 1495.0, 701.6666666666666, 532.5, 676.875, -, 
523.25, 226.75, 218.0, 672.2, 388.5, -, 313.0, -, 
322.35, 203.5, 210.25, 378.55555555555554, 377.5, 431.1111111111111, 307.94736842105266, 476.5, 
363.6363636363636, 193.5, 202.25, 482.5, 324.6875, 660.0, 286.6666666666667, 328.75, 
359.75, 208.75, 210.75, 363.5, 358.5, 422.5, 289.6875, 358.0, 
Tie average time: 
3000.0, -, -, 1555.0, -, -, 3000.0, -, 
-, -, -, -, -, -, -, -, 
-, -, -, -, -, -, -, -, 
1555.0, -, -, 1995.0, -, -, 855.0, -, 
-, -, -, -, -, 657.5, -, -, 
-, -, -, -, 657.5, 3000.0, -, 3000.0, 
3000.0, -, -, 855.0, -, -, 295.0, -, 
-, -, -, -, -, 3000.0, -, -, 
Lose average time: 
1550.0, 659.0588235294117, 758.2352941176471, 1160.0, 523.25, 322.35, 363.6363636363636, 359.75, 
586.6666666666666, 1179.0, -, 470.0, 226.75, 203.5, 193.5, 208.75, 
756.6666666666666, 739.0, 1177.0, 542.5, 218.0, 210.25, 202.25, 210.75, 
1587.5, 715.0, 902.75, 1495.0, 672.2, 378.55555555555554, 482.5, 363.5, 
920.0, -, -, 701.6666666666666, 388.5, 377.5, 324.6875, 358.5, 
-, -, -, 532.5, -, 431.1111111111111, 660.0, 422.5, 
952.1428571428571, -, -, 676.875, 313.0, 307.94736842105266, 286.6666666666667, 289.6875, 
-, -, -, -, -, 476.5, 328.75, 358.0, 
