Wins: 
0, 0, 0, 2, 7, 0, 2, 0, 
13, 0, 0, 0, 0, 0, 0, 0, 
7, 0, 0, 0, 0, 0, 0, 0, 
0, 0, 0, 0, 0, 0, 0, 0, 
2, 10, 16, 4, 6, 0, 1, 0, 
18, 20, 20, 16, 19, 7, 15, 13, 
0, 0, 0, 0, 0, 0, 0, 0, 
6, 0, 0, 0, 0, 0, 0, 0, 
Ties: 
20, 7, 13, 18, 11, 2, 18, 14, 
7, 20, 20, 20, 10, 0, 20, 20, 
13, 20, 20, 20, 4, 0, 20, 20, 
18, 20, 20, 20, 16, 4, 20, 20, 
11, 10, 4, 16, 8, 1, 19, 20, 
2, 0, 0, 4, 1, 6, 5, 7, 
18, 20, 20, 20, 19, 5, 20, 20, 
14, 20, 20, 20, 20, 7, 20, 20, 
Loses: 
0, 13, 7, 0, 2, 18, 0, 6, 
0, 0, 0, 0, 10, 20, 0, 0, 
0, 0, 0, 0, 16, 20, 0, 0, 
2, 0, 0, 0, 4, 16, 0, 0, 
7, 0, 0, 0, 6, 19, 0, 0, 
0, 0, 0, 0, 0, 7, 0, 0, 
2, 0, 0, 0, 1, 15, 0, 0, 
0, 0, 0, 0, 0, 13, 0, 0, 
Ponits: 
62.5

71.5

65.5

69.0

83.5

140.5

71.0

76.5

averrate: 
0.0, 0.0, 0.0, 0.0, 0.0, 0.0, 0.0, 0.0, 
0.0, 0.0, 0.0, 0.0, 0.0, 0.0, 0.0, 0.0, 
0.0, 0.0, 0.0, 0.0, 0.0, 0.0, 0.0, 0.0, 
0.0, 0.0, 0.0, 0.0, 0.0, 0.0, 0.0, 0.0, 
0.0, 0.0, 0.0, 0.0, 0.0, 0.0, 0.0, 0.0, 
0.0, 0.0, 0.0, 0.0, 0.0, 0.0, 0.0, 0.0, 
0.0, 0.0, 0.0, 0.0, 0.0, 0.0, 0.0, 0.0, 
0.0, 0.0, 0.0, 0.0, 0.0, 0.0, 0.0, 0.0, 
repair: 
0.0, 0.0, 0.0, 0.0, 0.0, 0.0, 0.0, 0.0, 
0.0, 0.0, 0.0, 0.0, 0.0, 0.0, 0.0, 0.0, 
0.0, 0.0, 0.0, 0.0, 0.0, 0.0, 0.0, 0.0, 
0.0, 0.0, 0.0, 0.0, 0.0, 0.0, 0.0, 0.0, 
0.0, 0.0, 0.0, 0.0, 0.0, 0.0, 0.0, 0.0, 
0.0, 0.0, 0.0, 0.0, 0.0, 0.0, 0.0, 0.0, 
0.0, 0.0, 0.0, 0.0, 0.0, 0.0, 0.0, 0.0, 
0.0, 0.0, 0.0, 0.0, 0.0, 0.0, 0.0, 0.0, 
averplantime: 
0.0, 0.0, 0.0, 0.0, 0.0, 0.0, 0.0, 0.0, 
0.0, 0.0, 0.0, 0.0, 0.0, 0.0, 0.0, 0.0, 
0.0, 0.0, 0.0, 0.0, 0.0, 0.0, 0.0, 0.0, 
0.0, 0.0, 0.0, 0.0, 0.0, 0.0, 0.0, 0.0, 
0.0, 0.0, 0.0, 0.0, 0.0, 0.0, 0.0, 0.0, 
0.0, 0.0, 0.0, 0.0, 0.0, 0.0, 0.0, 0.0, 
0.0, 0.0, 0.0, 0.0, 0.0, 0.0, 0.0, 0.0, 
0.0, 0.0, 0.0, 0.0, 0.0, 0.0, 0.0, 0.0, 
nodenum: 
0.0, 0.0, 0.0, 0.0, 0.0, 0.0, 0.0, 0.0, 
0.0, 0.0, 0.0, 0.0, 0.0, 0.0, 0.0, 0.0, 
0.0, 0.0, 0.0, 0.0, 0.0, 0.0, 0.0, 0.0, 
0.0, 0.0, 0.0, 0.0, 0.0, 0.0, 0.0, 0.0, 
0.0, 0.0, 0.0, 0.0, 0.0, 0.0, 0.0, 0.0, 
0.0, 0.0, 0.0, 0.0, 0.0, 0.0, 0.0, 0.0, 
0.0, 0.0, 0.0, 0.0, 0.0, 0.0, 0.0, 0.0, 
0.0, 0.0, 0.0, 0.0, 0.0, 0.0, 0.0, 0.0, 
save: 
0, 0, 0, 0, 0, 0, 0, 0, 
0, 0, 0, 0, 0, 0, 0, 0, 
0, 0, 0, 0, 0, 0, 0, 0, 
0, 0, 0, 0, 0, 0, 0, 0, 
0, 0, 0, 0, 0, 0, 0, 0, 
0, 0, 0, 0, 0, 0, 0, 0, 
0, 0, 0, 0, 0, 0, 0, 0, 
0, 0, 0, 0, 0, 0, 0, 0, 
total: 
125, 67, 98, 166, 83, 24, 165, 116, 
556, 248, 258, 193, 111, 70, 198, 193, 
495, 276, 253, 218, 106, 53, 196, 158, 
18588, 1112, 987, 403, 5914, 1874, 398, 405, 
22801, 14731, 12504, 12190, 19120, 6113, 19805, 11821, 
20958, 19092, 19225, 9466, 17212, 31831, 21356, 23530, 
5890, 329, 326, 171, 2481, 1142, 142, 140, 
18348, 775, 801, 229, 6076, 4321, 353, 332, 
Win average time: 
-, -, -, 2542.5, 2026.4285714285713, -, 2892.5, -, 
2509.846153846154, -, -, -, -, -, -, -, 
2526.714285714286, -, -, -, -, -, -, -, 
-, -, -, -, -, -, -, -, 
418.5, 382.8, 441.0, 440.5, 752.5, -, 641.0, -, 
763.6111111111111, 382.75, 363.55, 443.125, 459.2105263157895, 736.4285714285714, 519.0, 621.4615384615385, 
-, -, -, -, -, -, -, -, 
2570.0, -, -, -, -, -, -, -, 
Tie average time: 
3000.0, 3000.0, 3000.0, 3000.0, 3000.0, 3000.0, 3000.0, 3000.0, 
3000.0, 3000.0, 3000.0, 2300.0, 1596.9, -, 2300.0, 2300.0, 
3000.0, 3000.0, 3000.0, 2325.0, 1670.5, -, 2325.0, 2325.0, 
3000.0, 2300.0, 2325.0, 1000.0, 1524.125, 1425.0, 1000.0, 1000.0, 
3000.0, 1596.9, 1670.5, 1524.125, 1000.0, 1000.0, 1529.2105263157894, 1625.75, 
3000.0, -, -, 1425.0, 1000.0, 1000.0, 1446.0, 1503.5714285714287, 
3000.0, 2300.0, 2325.0, 1000.0, 1529.2105263157894, 1446.0, 1000.0, 1000.0, 
3000.0, 2300.0, 2325.0, 1000.0, 1625.75, 1503.5714285714287, 1000.0, 1000.0, 
Lose average time: 
-, 2509.846153846154, 2526.714285714286, -, 418.5, 763.6111111111111, -, 2570.0, 
-, -, -, -, 382.8, 382.75, -, -, 
-, -, -, -, 441.0, 363.55, -, -, 
2542.5, -, -, -, 440.5, 443.125, -, -, 
2026.4285714285713, -, -, -, 752.5, 459.2105263157895, -, -, 
-, -, -, -, -, 736.4285714285714, -, -, 
2892.5, -, -, -, 641.0, 519.0, -, -, 
-, -, -, -, -, 621.4615384615385, -, -, 
