Wins: 
2, 0, 0, 6, 9, 0, 20, 1, 
18, 0, 0, 0, 0, 0, 0, 0, 
14, 0, 0, 0, 0, 0, 0, 0, 
0, 0, 0, 0, 0, 0, 0, 0, 
9, 18, 20, 3, 10, 1, 1, 0, 
20, 20, 20, 16, 19, 10, 18, 19, 
0, 0, 0, 0, 0, 0, 0, 0, 
16, 0, 0, 0, 0, 0, 0, 0, 
Ties: 
16, 2, 6, 14, 2, 0, 0, 3, 
2, 20, 20, 20, 2, 0, 20, 20, 
6, 20, 20, 20, 0, 0, 20, 20, 
14, 20, 20, 20, 17, 4, 20, 20, 
2, 2, 0, 17, 0, 0, 19, 20, 
0, 0, 0, 4, 0, 0, 2, 1, 
0, 20, 20, 20, 19, 2, 20, 20, 
3, 20, 20, 20, 20, 1, 20, 20, 
Loses: 
2, 18, 14, 0, 9, 20, 0, 16, 
0, 0, 0, 0, 18, 20, 0, 0, 
0, 0, 0, 0, 20, 20, 0, 0, 
6, 0, 0, 0, 3, 16, 0, 0, 
9, 0, 0, 0, 10, 19, 0, 0, 
0, 0, 0, 0, 1, 10, 0, 0, 
20, 0, 0, 0, 1, 18, 0, 0, 
1, 0, 0, 0, 0, 19, 0, 0, 
Ponits: 
59.5

70.0

67.0

67.5

92.0

145.5

60.5

78.0

averrate: 
0.0, 0.0, 0.0, 0.0, 0.0, 0.0, 0.0, 0.0, 
0.0, 0.0, 0.0, 0.0, 0.0, 0.0, 0.0, 0.0, 
0.0, 0.0, 0.0, 0.0, 0.0, 0.0, 0.0, 0.0, 
0.0, 0.0, 0.0, 0.0, 0.0, 0.0, 0.0, 0.0, 
0.0, 0.0, 0.0, 0.0, 0.0, 0.0, 0.0, 0.0, 
0.0, 0.0, 0.0, 0.0, 0.0, 0.0, 0.0, 0.0, 
0.0, 0.0, 0.0, 0.0, 0.0, 0.0, 0.0, 0.0, 
0.0, 0.0, 0.0, 0.0, 0.0, 0.0, 0.0, 0.0, 
repair: 
0.0, 0.0, 0.0, 0.0, 0.0, 0.0, 0.0, 0.0, 
0.0, 0.0, 0.0, 0.0, 0.0, 0.0, 0.0, 0.0, 
0.0, 0.0, 0.0, 0.0, 0.0, 0.0, 0.0, 0.0, 
0.0, 0.0, 0.0, 0.0, 0.0, 0.0, 0.0, 0.0, 
0.0, 0.0, 0.0, 0.0, 0.0, 0.0, 0.0, 0.0, 
0.0, 0.0, 0.0, 0.0, 0.0, 0.0, 0.0, 0.0, 
0.0, 0.0, 0.0, 0.0, 0.0, 0.0, 0.0, 0.0, 
0.0, 0.0, 0.0, 0.0, 0.0, 0.0, 0.0, 0.0, 
averplantime: 
0.0, 0.0, 0.0, 0.0, 0.0, 0.0, 0.0, 0.0, 
0.0, 0.0, 0.0, 0.0, 0.0, 0.0, 0.0, 0.0, 
0.0, 0.0, 0.0, 0.0, 0.0, 0.0, 0.0, 0.0, 
0.0, 0.0, 0.0, 0.0, 0.0, 0.0, 0.0, 0.0, 
0.0, 0.0, 0.0, 0.0, 0.0, 0.0, 0.0, 0.0, 
0.0, 0.0, 0.0, 0.0, 0.0, 0.0, 0.0, 0.0, 
0.0, 0.0, 0.0, 0.0, 0.0, 0.0, 0.0, 0.0, 
0.0, 0.0, 0.0, 0.0, 0.0, 0.0, 0.0, 0.0, 
nodenum: 
0.0, 0.0, 0.0, 0.0, 0.0, 0.0, 0.0, 0.0, 
0.0, 0.0, 0.0, 0.0, 0.0, 0.0, 0.0, 0.0, 
0.0, 0.0, 0.0, 0.0, 0.0, 0.0, 0.0, 0.0, 
0.0, 0.0, 0.0, 0.0, 0.0, 0.0, 0.0, 0.0, 
0.0, 0.0, 0.0, 0.0, 0.0, 0.0, 0.0, 0.0, 
0.0, 0.0, 0.0, 0.0, 0.0, 0.0, 0.0, 0.0, 
0.0, 0.0, 0.0, 0.0, 0.0, 0.0, 0.0, 0.0, 
0.0, 0.0, 0.0, 0.0, 0.0, 0.0, 0.0, 0.0, 
save: 
0, 0, 0, 0, 0, 0, 0, 0, 
0, 0, 0, 0, 0, 0, 0, 0, 
0, 0, 0, 0, 0, 0, 0, 0, 
0, 0, 0, 0, 0, 0, 0, 0, 
0, 0, 0, 0, 0, 0, 0, 0, 
0, 0, 0, 0, 0, 0, 0, 0, 
0, 0, 0, 0, 0, 0, 0, 0, 
0, 0, 0, 0, 0, 0, 0, 0, 
total: 
452, 64, 99, 175, 46, 17, 84, 103, 
551, 245, 320, 212, 52, 44, 275, 301, 
543, 303, 312, 239, 48, 59, 182, 191, 
26715, 1371, 1510, 408, 4514, 1887, 554, 484, 
39260, 15219, 17430, 19244, 13384, 4483, 21536, 19242, 
12318, 10563, 11864, 8376, 12738, 18026, 18121, 13648, 
7449, 624, 415, 203, 2277, 1325, 192, 147, 
16986, 1390, 1043, 237, 9149, 2225, 346, 340, 
Win average time: 
2005.5, -, -, 2082.5, 1665.5555555555557, -, 1869.85, 1335.0, 
1289.8333333333333, -, -, -, -, -, -, -, 
1822.857142857143, -, -, -, -, -, -, -, 
-, -, -, -, -, -, -, -, 
774.0, 333.27777777777777, 326.55, 394.0, 551.0, 420.0, 461.0, -, 
403.7, 288.0, 292.0, 408.0, 426.57894736842104, 538.5, 536.1666666666666, 397.5263157894737, 
-, -, -, -, -, -, -, -, 
2200.0, -, -, -, -, -, -, -, 
Tie average time: 
3000.0, 3000.0, 2960.0, 2937.8571428571427, 3000.0, -, -, 2673.3333333333335, 
3000.0, 3000.0, 3000.0, 2880.0, 1492.5, -, 2880.0, 2880.0, 
2960.0, 3000.0, 3000.0, 2880.0, -, -, 2880.0, 2880.0, 
2937.8571428571427, 2880.0, 2880.0, 1000.0, 1469.235294117647, 1452.5, 1000.0, 1000.0, 
3000.0, 1492.5, -, 1469.235294117647, -, -, 1454.4736842105262, 1683.0, 
-, -, -, 1452.5, -, -, 1525.0, 1380.0, 
-, 2880.0, 2880.0, 1000.0, 1454.4736842105262, 1525.0, 1000.0, 1000.0, 
2673.3333333333335, 2880.0, 2880.0, 1000.0, 1683.0, 1380.0, 1000.0, 1000.0, 
Lose average time: 
2005.5, 1289.8333333333333, 1822.857142857143, -, 774.0, 403.7, -, 2200.0, 
-, -, -, -, 333.27777777777777, 288.0, -, -, 
-, -, -, -, 326.55, 292.0, -, -, 
2082.5, -, -, -, 394.0, 408.0, -, -, 
1665.5555555555557, -, -, -, 551.0, 426.57894736842104, -, -, 
-, -, -, -, 420.0, 538.5, -, -, 
1869.85, -, -, -, 461.0, 536.1666666666666, -, -, 
1335.0, -, -, -, -, 397.5263157894737, -, -, 
